10.20 8.53 2.08 1.86 0.18
18.81 25.83 1.10 0.34 2.86
13.60 14.40 1.10 1.64 2.42
6.82 14.03 1.28 0.15 0.77
2.68 24.63 0.34 1.61 1.54
29.46 23.47 2.71 2.21 2.35
16.81 29.42 1.94 0.87 2.54
24.55 25.05 0.49 0.54 0.38
0.13 0.24 2.84 1.75 1.23
12.03 10.14 1.06 0.87 0.41
27.37 9.03 2.86 1.79 2.64
0.31 22.47 0.27 0.91 1.28
14.45 1.38 1.15 1.84 0.59
3.80 8.22 2.68 2.83 1.41
21.99 16.78 2.35 1.23 0.07
29.05 21.91 1.91 2.61 0.75
9.88 27.92 1.18 1.49 2.95
3.25 16.47 2.10 2.60 2.55
20.29 3.92 1.02 2.01 0.93
5.41 12.12 2.72 0.92 1.37
0.99 8.37 0.75 1.86 2.35
29.93 2.40 0.93 0.85 0.83
13.80 0.33 0.03 2.71 0.17
5.61 21.73 2.35 0.00 1.49
8.92 27.11 1.10 0.36 1.73
25.96 12.94 2.73 0.64 2.51
1.82 23.76 2.07 0.06 2.79
12.33 28.68 3.00 2.28 0.10
23.09 6.51 0.58 1.28 1.22
19.40 19.37 0.85 2.22 2.22
10.10 18.30 0.13 0.28 0.53
12.06 12.19 1.81 1.69 2.57
27.04 16.20 1.98 2.21 0.53
3.76 18.06 0.58 1.68 1.14
6.93 20.84 1.50 2.56 1.53
17.90 5.35 1.41 1.16 0.41
25.43 18.80 1.48 0.70 2.30
14.90 18.61 1.01 0.10 0.13
6.29 22.20 1.23 1.47 1.04
2.54 19.75 1.10 1.78 0.33
20.26 11.88 0.13 1.58 0.09
19.09 9.31 1.91 0.20 2.86
19.62 0.74 2.20 2.56 1.23
0.60 29.24 0.35 2.74 1.22
24.70 0.97 2.89 1.58 0.22
13.31 15.49 0.64 1.37 1.55
26.73 22.14 0.80 0.80 1.55
4.70 18.07 2.99 1.89 0.64
13.92 14.23 2.59 1.22 2.33
6.84 5.23 1.91 0.00 2.50
18.46 22.12 2.48 2.63 2.01
18.63 27.71 2.69 2.94 0.96
5.32 28.74 2.39 0.62 0.80
1.54 26.37 1.26 1.34 1.63
29.94 15.02 1.15 1.53 0.95
9.54 27.14 0.01 1.75 2.54
17.59 2.51 0.14 0.72 1.86
13.61 17.24 2.17 2.37 0.04
18.78 12.05 1.37 1.43 0.58
1.54 0.08 2.36 1.80 1.68
2.22 2.45 2.33 2.10 2.81
29.98 21.63 2.48 2.12 0.12
17.43 22.25 0.55 1.69 0.24
23.89 10.68 0.28 0.01 1.95
26.82 10.07 1.78 1.61 0.24
29.58 12.31 0.47 0.74 0.39
4.62 16.52 2.83 1.37 0.79
6.30 26.33 2.95 1.65 2.62
4.62 2.72 1.64 1.16 0.22
20.40 22.93 2.45 2.70 1.96
17.82 9.90 0.71 0.93 0.58
0.08 1.16 0.23 1.58 2.36
21.67 29.42 2.22 2.89 2.94
24.26 9.31 0.65 2.34 1.27
7.91 20.41 0.71 0.38 1.84
15.27 10.62 0.63 0.04 1.21
13.36 26.30 1.84 0.02 1.94
25.14 20.53 1.30 1.63 2.37
0.06 27.16 0.52 2.25 2.72
0.26 16.54 0.46 2.61 1.90
29.41 0.74 0.76 1.27 2.35
2.73 13.82 1.55 0.95 1.52
19.64 24.01 1.20 0.18 2.12
12.44 13.60 1.43 2.03 1.13
26.84 13.16 2.15 0.23 0.89
6.64 20.02 2.46 0.05 2.94
18.76 13.49 1.87 0.26 1.79
24.58 19.23 0.85 1.15 1.81
3.83 12.37 2.25 1.07 2.73
12.84 2.13 0.80 0.13 0.88
8.34 19.53 2.41 0.98 1.34
26.14 8.33 0.55 2.12 2.49
21.96 27.73 0.54 2.56 2.44
1.50 9.60 2.04 1.07 0.45
10.33 29.76 1.37 2.80 1.33
13.22 13.90 2.09 2.01 1.15
16.43 7.76 1.41 2.41 0.78
3.80 21.38 1.05 1.54 1.96
14.52 9.79 0.82 1.17 0.58
24.32 8.28 2.06 2.99 2.18
25.69 1.43 0.47 2.22 0.98
21.61 12.63 1.15 0.30 1.00
23.35 14.25 2.00 1.92 0.98
19.93 24.51 0.96 1.98 2.02
0.58 12.54 2.45 2.73 0.20
4.65 24.22 0.79 0.07 2.93
14.03 6.63 2.64 0.80 0.38
5.95 11.74 2.39 1.30 2.84
24.83 6.76 2.75 2.43 2.71
26.20 27.93 0.45 1.41 2.85
22.45 0.75 0.96 0.93 1.73
27.49 26.27 1.98 2.98 1.42
22.75 12.97 1.47 0.11 0.35
7.12 19.79 1.51 2.06 1.54
0.48 20.52 1.28 0.94 2.18
19.43 14.47 2.26 1.04 2.00
16.96 0.88 0.90 1.56 2.44
2.57 15.38 0.33 1.31 2.11
16.59 9.09 0.35 2.05 1.80
4.52 14.93 0.51 0.28 1.27
29.41 4.63 1.72 0.71 0.68
10.08 14.18 1.89 0.72 1.07
25.27 11.93 1.69 0.73 2.08
18.34 19.19 1.59 0.52 1.16
11.34 0.43 1.34 1.00 0.29
9.46 4.94 1.89 1.28 2.01
9.17 5.40 0.47 2.03 0.88
9.48 2.29 2.61 1.15 0.42
2.13 1.68 0.46 2.83 0.06
13.73 25.96 0.90 2.72 1.17
15.38 23.28 2.80 1.70 2.19
4.30 22.23 1.17 0.37 0.64
13.60 15.11 0.75 0.37 1.93
19.71 10.42 1.63 1.88 2.08
17.73 8.99 1.52 2.19 2.47
27.76 9.40 0.28 1.92 2.92
12.02 27.59 2.48 2.56 2.55
8.10 8.26 2.93 0.09 0.33
19.74 6.48 0.58 2.35 2.71
4.11 4.51 0.39 2.74 0.70
29.85 2.21 0.68 1.09 0.39
6.61 0.37 0.26 0.03 2.23
0.35 8.28 0.30 2.50 2.28
20.24 13.62 2.77 0.58 0.19
18.63 17.17 2.91 1.06 1.12
24.31 27.35 2.51 0.65 0.82
27.84 11.67 1.06 1.75 1.04
7.16 12.67 2.95 2.98 2.57
21.51 25.33 0.80 1.16 2.38
9.56 14.93 0.61 0.08 2.86
20.99 28.15 2.81 2.45 2.73
12.95 8.24 0.55 0.76 1.45
26.28 11.50 1.37 2.86 0.38
19.68 8.20 1.26 1.07 2.34
13.66 12.25 2.67 0.88 2.20
2.96 29.00 2.91 0.55 1.00
1.05 0.25 1.56 2.02 0.20
14.35 9.57 2.12 2.84 1.49
12.89 24.18 1.36 2.42 1.44
15.05 7.24 0.03 2.57 0.34
25.50 13.99 0.02 2.14 2.57
6.70 12.85 1.63 1.83 2.53
7.36 23.67 0.10 2.83 0.25
6.89 4.70 0.48 1.77 2.45
4.30 24.59 2.96 1.84 2.04
6.95 10.56 1.07 2.61 1.31
16.16 7.50 2.84 1.93 0.30
17.90 21.35 2.81 1.71 1.85
16.99 9.89 1.29 2.79 1.95
16.39 17.25 2.74 1.53 0.46
15.90 24.58 1.62 2.69 1.53
23.75 17.17 0.67 1.36 1.84
24.86 8.88 2.62 1.88 0.14
29.27 4.21 3.00 1.15 2.63
11.61 28.06 1.93 1.66 1.22
27.43 12.14 0.60 1.76 1.01
4.54 13.46 1.63 0.90 2.03
27.03 5.75 2.14 1.25 1.34
7.97 7.27 1.71 1.21 2.21
26.76 25.44 2.54 0.13 1.15
8.93 8.76 0.42 1.23 0.29
8.49 23.21 2.32 0.77 0.98
9.97 8.78 0.96 1.14 1.56
10.75 14.49 1.09 2.83 2.20
0.58 25.93 2.20 0.92 2.46
29.12 11.68 2.15 0.80 1.17
8.48 4.73 2.28 1.99 1.57
25.31 21.89 1.84 1.29 2.32
14.13 23.36 1.21 1.69 2.47
18.63 10.14 2.54 0.83 1.29
9.68 11.64 0.08 0.91 0.35
14.37 27.68 2.77 1.25 2.52
12.63 10.60 1.26 1.10 0.45
13.22 8.18 1.54 1.79 1.09
29.24 9.53 1.86 2.54 0.30
22.40 20.91 2.14 0.87 2.75
19.61 3.79 0.38 1.76 0.05
16.86 5.39 2.30 1.79 1.16
10.24 24.85 0.75 1.62 2.39
6.68 24.48 1.22 2.50 2.37
2.93 26.61 0.77 0.54 0.25
6.02 8.09 2.16 0.30 0.31
25.62 15.25 1.54 0.71 2.65
8.85 22.76 2.83 2.61 2.12
17.34 28.44 1.46 0.99 0.29
8.23 18.26 2.07 2.86 1.70
1.80 14.19 2.70 1.97 1.55
11.25 8.25 2.40 0.21 2.74
0.60 7.38 2.30 1.01 1.70
10.86 15.32 1.72 2.37 0.02
14.79 18.69 2.11 1.50 1.05
13.94 17.32 1.04 0.41 1.95
11.26 5.98 0.95 2.81 2.22
6.85 8.20 1.71 0.88 1.75
5.15 9.82 1.31 1.09 1.21
13.16 4.95 0.49 0.41 2.10
21.64 13.26 1.18 0.58 0.10
22.05 12.96 2.31 2.75 1.78
27.21 23.02 1.82 0.73 1.15
2.78 15.42 1.37 0.85 1.68
13.72 16.56 1.23 2.41 2.74
28.85 14.47 0.63 0.19 0.75
1.57 1.00 2.75 0.68 0.57
24.02 7.16 2.76 0.45 0.51
4.76 20.53 1.26 2.20 1.20
8.79 20.82 1.13 0.04 2.00
18.19 29.30 0.49 1.29 1.52
5.66 11.84 2.27 2.05 1.57
21.91 28.92 2.07 0.16 2.69
2.26 6.28 2.33 0.70 2.28
6.18 21.13 1.93 0.25 2.05
16.77 4.87 1.53 0.68 2.61
29.68 11.15 1.40 2.82 0.78
27.27 7.14 2.71 2.39 1.05
1.77 2.48 2.62 2.96 2.23
16.84 17.25 0.16 2.54 1.27
3.72 20.37 0.93 2.44 2.96
27.43 27.77 0.17 0.78 0.84
14.91 16.73 1.78 1.97 0.37
19.17 6.30 1.15 1.96 2.03
15.42 2.63 1.79 1.53 1.79
22.66 22.21 0.34 1.83 2.46
3.31 6.82 1.75 1.98 2.02
17.54 10.36 2.91 2.37 0.09
15.15 8.89 0.06 2.10 1.81
2.18 22.32 2.37 1.22 2.46
21.26 23.05 1.15 0.38 0.97
25.41 13.19 0.98 1.78 0.82
24.23 10.86 1.02 2.13 2.49
24.75 16.03 2.63 1.33 1.66
19.33 22.52 0.68 0.74 1.58
19.18 13.88 2.31 2.08 0.55
24.43 20.14 1.43 1.02 2.12
22.36 19.12 1.83 2.01 1.94
16.48 6.58 1.52 0.22 1.76
22.00 10.51 0.08 1.15 2.94
19.04 20.37 0.93 2.36 2.63
0.68 26.50 1.06 2.98 1.48
9.30 11.82 1.55 2.55 1.22
29.89 6.42 0.53 2.60 1.59
3.89 6.63 0.53 0.04 1.55
16.47 23.78 2.25 1.43 1.18
22.01 6.19 1.81 1.33 0.79
11.65 27.79 1.44 0.38 1.00
2.57 25.06 0.38 1.55 2.89
24.71 17.84 2.83 1.69 2.91
26.21 22.80 0.81 0.48 1.14
25.29 12.11 1.01 0.93 2.23
17.91 12.18 2.50 1.19 0.13
3.89 14.37 2.15 2.88 0.05
16.29 25.77 0.33 1.80 2.55
11.41 18.49 2.68 1.11 1.51
17.52 17.54 2.84 2.41 1.37
10.22 7.40 1.74 2.58 2.99
12.66 9.47 0.73 0.43 2.67
11.99 10.78 0.71 1.02 1.35
5.60 26.82 1.03 0.51 1.64
15.40 14.82 2.26 0.97 0.23
23.86 16.71 1.19 0.22 1.24
11.55 17.42 1.36 2.98 2.81
26.78 25.99 0.97 1.88 2.95
10.65 25.14 1.22 1.06 0.90
22.10 6.80 2.11 1.15 2.02
20.83 7.09 2.07 1.50 2.59
29.19 27.59 2.63 2.75 2.26
28.85 5.18 0.28 2.40 2.11
10.55 12.88 1.39 1.01 1.44
12.22 1.68 2.30 2.74 2.14
20.56 11.07 2.22 2.25 1.99
29.24 15.34 0.10 0.40 1.98
29.57 17.01 1.53 0.85 1.23
12.36 2.68 1.21 0.17 1.62
7.77 16.27 2.54 1.43 0.46
5.62 7.28 1.86 0.79 3.00
8.22 26.98 1.82 1.53 1.33
8.76 9.77 2.40 0.22 1.60
20.41 12.83 0.31 0.26 2.06
11.91 9.85 1.69 0.12 1.00
12.65 13.93 1.42 1.99 1.12
2.97 11.48 0.27 2.13 1.54
23.14 17.51 2.86 2.67 0.88
14.44 24.38 2.85 2.78 2.05
12.58 2.52 1.75 1.90 3.00
17.21 26.38 2.63 1.18 1.42
28.84 2.46 0.63 1.48 2.44
18.85 23.82 1.87 2.97 2.76
18.33 24.74 1.16 1.45 2.80
13.73 21.84 1.27 1.58 1.92
6.62 17.96 0.17 1.25 1.91
12.71 24.61 1.67 1.26 1.49
7.13 15.71 2.36 0.94 2.22
9.77 6.83 2.74 2.70 0.35
17.65 3.29 2.82 1.58 2.73
10.83 17.62 0.05 1.43 1.05
17.43 12.32 0.99 0.71 0.77
3.16 18.14 1.64 1.07 1.77
22.95 10.41 0.80 1.29 1.89
10.11 18.35 1.74 2.19 2.87
21.05 3.06 1.82 0.74 2.42
7.08 19.92 1.69 2.83 2.35
22.16 24.08 1.03 2.10 2.49
16.24 23.30 0.08 0.10 2.51
22.79 16.94 2.18 0.45 2.67
12.34 0.84 2.44 2.44 0.48
6.64 2.72 2.10 2.39 1.51
18.53 11.81 1.24 1.15 1.20
0.06 15.94 2.34 0.56 1.98
20.49 0.81 1.51 1.41 1.67
10.45 10.56 1.60 1.17 0.97
4.83 15.20 2.77 2.97 0.45
3.14 20.66 0.13 0.92 0.22
7.50 18.36 0.77 0.51 1.80
13.49 11.14 1.63 2.36 1.19
23.13 29.81 1.75 1.54 1.60
1.29 0.18 2.60 2.83 0.05
1.21 12.44 0.60 0.48 0.76
28.23 5.91 1.76 1.66 1.27
12.85 27.77 0.68 1.49 1.32
17.29 15.96 1.55 1.94 0.43
17.37 15.71 2.40 2.51 0.20
28.63 26.67 1.91 1.51 1.38
9.89 3.81 0.50 0.19 1.82
4.39 10.33 0.75 1.59 2.91
6.39 15.18 0.09 1.71 0.01
3.94 1.35 1.61 2.82 2.42
12.51 14.60 1.15 2.73 0.82
24.92 22.51 2.81 1.66 2.45
17.22 28.96 0.71 1.12 1.38
28.07 15.71 1.57 1.56 1.25
20.01 1.48 0.95 0.75 0.19
8.12 1.66 0.04 1.81 2.72
21.66 8.72 2.77 2.04 2.29
15.23 16.10 2.48 1.00 2.80
0.95 6.15 2.00 2.28 1.43
21.20 11.69 0.99 0.76 1.01
1.44 8.86 0.60 1.77 2.17
21.49 29.42 2.45 0.67 2.11
22.14 16.64 0.34 2.54 0.81
17.62 23.23 1.33 2.15 0.68
1.72 15.27 0.95 2.51 2.65
6.29 6.69 1.12 0.94 0.17
0.63 21.44 2.57 2.65 2.67
12.92 6.41 2.54 0.33 2.53
25.96 22.97 1.74 0.88 1.38
17.76 0.84 3.00 2.20 0.23
12.20 7.56 1.72 0.50 0.73
17.76 1.91 0.06 0.66 2.43
24.99 28.66 1.06 0.84 2.70
2.82 22.81 1.40 1.10 2.84
0.33 20.92 2.15 0.96 1.43
14.07 14.66 1.17 2.78 0.91
27.13 21.07 2.47 0.58 0.01
13.39 1.34 2.65 1.93 1.16
19.96 24.81 1.74 1.51 2.31
17.87 27.21 0.21 1.33 1.18
10.29 21.70 0.98 0.79 1.43
13.72 29.75 1.85 2.07 1.37
17.67 1.54 1.40 0.48 2.04
12.19 29.95 2.12 2.88 1.55
4.01 11.81 0.83 2.51 0.99
17.61 11.10 0.49 0.09 1.23
1.63 13.90 2.53 1.15 1.46
7.34 2.05 1.32 1.77 1.10
26.16 12.12 1.74 2.22 1.95
7.96 29.52 1.43 0.64 2.52
9.39 21.56 0.78 2.42 1.25
26.16 1.09 0.89 1.87 0.48
15.75 25.27 2.61 1.69 2.20
5.64 19.36 1.79 2.56 0.96
8.18 24.16 1.09 2.98 2.12
8.87 23.78 1.23 1.61 2.43
12.27 28.71 2.61 0.55 0.74
10.29 14.21 1.61 1.44 1.54
4.83 25.64 0.49 1.68 0.12
21.35 23.39 1.83 1.60 1.54
15.70 5.25 1.83 1.11 1.51
26.14 17.23 2.57 1.61 2.35
14.61 28.36 1.30 2.03 1.23
12.53 13.01 0.13 1.40 1.75
18.70 25.76 2.54 2.09 1.03
3.69 2.92 0.30 1.43 1.99
7.89 4.55 0.91 1.07 0.81
4.50 9.37 1.52 1.27 0.72
20.89 16.07 2.58 0.13 2.68
26.94 24.88 1.02 1.38 1.78
27.49 25.89 2.20 2.32 0.80
6.44 23.40 0.07 2.27 1.82
11.62 4.50 2.77 1.75 1.11
17.61 14.17 1.88 1.55 0.72
22.96 28.19 0.24 2.74 2.97
15.66 8.49 2.70 0.66 2.64
15.11 1.40 1.21 2.17 1.75
15.47 26.02 1.41 2.69 2.58
12.40 11.76 2.27 2.38 2.42
19.08 29.98 0.67 2.93 2.10
9.63 16.37 2.61 0.97 1.78
3.57 15.06 1.43 2.37 1.71
5.54 17.37 1.33 1.09 1.56
29.36 7.16 0.14 2.88 1.60
11.27 24.51 2.41 0.44 1.39
20.73 22.04 0.31 1.42 1.60
3.90 17.50 2.89 2.79 1.55
20.04 29.55 0.20 1.17 2.16
10.42 11.91 1.45 1.68 1.47
1.82 23.90 2.84 2.55 0.94
5.98 17.27 2.21 0.93 0.15
21.68 26.82 2.81 1.02 0.84
20.57 12.16 0.10 1.41 0.87
6.32 1.22 0.07 0.96 0.52
4.82 23.18 1.96 2.77 1.05
9.68 22.67 2.57 0.58 0.44
3.16 19.56 2.12 0.21 0.84
20.06 13.23 1.01 0.63 0.07
15.54 20.29 1.40 0.92 0.07
17.69 13.27 2.48 2.03 1.48
29.34 17.65 2.94 2.27 1.84
1.03 29.75 1.65 2.08 2.66
25.91 11.03 0.65 1.88 0.43
4.64 0.51 1.03 2.95 2.54
27.09 29.50 1.49 2.64 1.88
1.89 10.07 0.64 2.04 2.45
8.05 8.81 0.93 1.15 2.00
14.74 28.82 0.45 1.27 1.92
21.76 26.27 1.63 0.22 1.33
16.55 14.66 1.68 1.83 0.37
16.17 26.44 1.87 1.52 0.00
3.53 16.96 0.01 1.56 1.15
9.59 10.35 2.63 0.24 1.57
13.03 27.45 1.85 2.22 0.84
7.94 25.22 1.50 0.87 0.57
13.27 25.06 2.33 1.57 0.29
28.01 24.45 0.80 1.62 1.27
21.28 15.52 0.17 0.57 0.96
24.31 18.67 2.91 0.52 2.81
5.75 25.97 0.69 0.54 1.04
6.82 18.39 1.52 0.27 0.77
12.30 17.96 1.32 0.82 0.31
13.40 12.76 0.14 0.65 1.13
10.63 15.49 1.45 0.38 0.30
0.59 11.31 1.39 1.37 2.80
5.36 12.54 0.89 0.18 0.42
11.63 3.91 2.84 1.36 0.08
11.60 25.74 1.60 1.02 2.74
8.12 14.86 0.35 1.43 2.67
5.25 3.39 1.57 2.31 2.82
23.94 16.19 2.29 1.88 2.59
24.28 6.08 0.79 1.58 1.73
23.59 7.83 1.81 2.95 0.29
14.98 16.20 0.23 2.82 2.82
8.10 14.24 1.70 2.76 0.05
20.46 27.21 1.00 0.79 0.96
18.02 24.11 1.23 0.00 0.07
5.68 4.88 0.50 1.55 2.57
10.23 25.66 0.02 0.16 0.85
0.59 18.76 2.01 2.62 2.74
18.06 14.84 2.29 2.40 2.29
7.66 1.29 1.91 2.26 0.48
8.62 3.19 0.53 0.02 1.79
19.14 23.13 1.40 2.59 0.58
17.62 3.12 2.25 2.09 0.07
12.89 17.35 0.70 0.41 2.08
19.99 23.42 0.25 0.57 0.75
10.20 18.13 2.58 1.98 0.77
2.00 22.25 2.98 0.77 1.47
17.04 27.27 2.60 2.01 1.53
2.92 11.61 1.85 0.26 0.31
20.73 7.67 1.39 2.97 1.39
26.58 19.88 2.26 0.86 0.68
7.16 12.45 0.76 1.52 2.61
7.43 12.01 2.45 1.69 1.10
6.32 21.30 1.65 1.87 0.73
19.69 17.45 2.34 1.65 1.53
8.32 16.13 1.15 1.62 2.60
27.78 12.66 1.53 1.34 1.60
28.24 16.65 1.98 1.03 1.66
3.98 9.81 2.45 2.21 1.57
21.74 29.90 1.92 2.62 1.21
27.26 21.80 1.27 1.08 1.34
3.16 25.14 1.34 2.21 0.73
22.86 9.30 2.64 0.35 2.03
29.31 12.52 1.57 0.94 2.78
9.80 18.38 0.76 0.95 2.45
22.73 4.09 2.52 1.95 1.56
12.42 24.98 1.99 0.74 2.04
17.27 10.07 0.75 2.81 1.76
18.55 28.88 1.80 1.89 1.91
9.33 28.17 0.76 0.58 0.33
16.83 4.41 0.72 2.05 0.76
20.77 27.21 1.21 1.16 2.71
0.70 11.59 1.76 2.27 2.42
8.53 3.46 0.06 0.80 0.04
24.34 12.12 1.35 2.73 0.15
2.61 4.06 2.13 0.19 0.99
16.07 24.84 2.09 0.90 2.85
11.37 28.62 2.99 2.33 2.38
3.30 7.92 0.51 0.06 1.68
2.66 14.70 2.60 0.79 2.98
8.61 11.03 0.42 2.41 0.79
25.32 25.59 1.68 0.07 1.38
17.48 13.35 1.49 0.52 2.98
29.48 24.83 2.39 2.71 1.83
16.89 14.68 2.91 0.92 0.51
22.85 8.36 2.81 0.90 1.72
0.68 27.42 1.42 0.20 2.38
4.73 19.07 2.80 2.15 2.52
12.60 23.20 0.74 2.01 1.91
24.34 4.95 2.92 2.12 0.35
27.18 28.00 1.45 1.74 1.30
2.94 24.26 2.15 2.51 1.13
7.85 3.47 1.32 2.30 0.52
6.62 12.56 2.95 0.98 0.81
20.29 27.11 0.23 0.14 2.51
12.34 12.91 2.18 2.09 2.68
15.02 15.35 1.89 2.36 2.90
25.22 21.55 1.59 2.31 2.12
1.13 21.05 0.26 1.59 1.17
24.91 23.72 0.29 2.83 2.06
15.57 25.94 2.54 2.55 2.56
3.32 21.78 0.56 2.66 1.12
10.89 17.02 2.43 1.42 2.43
2.73 25.16 2.80 0.45 0.70
20.23 15.82 2.94 0.25 2.54
1.97 19.96 2.99 2.43 0.78
13.54 0.29 2.15 1.31 1.90
11.51 22.19 1.01 1.52 0.88
8.93 10.20 0.00 2.88 2.93
14.94 1.65 0.06 0.58 0.03
3.59 16.96 2.79 2.69 1.99
26.99 16.10 0.16 2.90 0.81
0.44 6.81 1.67 0.41 1.32
23.74 19.07 2.20 0.54 0.76
24.18 29.21 0.32 2.67 1.60
27.55 19.21 0.12 0.34 2.10
23.56 13.63 1.41 2.35 2.20
6.40 19.98 2.41 2.18 0.75
24.90 2.96 0.88 0.04 1.07
16.05 11.72 0.46 2.26 1.77
4.77 11.77 0.44 2.81 0.50
2.12 12.51 2.05 0.02 2.73
3.00 29.32 2.25 2.50 1.76
25.94 9.63 1.72 1.55 0.98
17.12 6.82 1.32 0.79 0.41
9.87 24.17 2.13 1.12 2.23
1.58 12.55 2.36 1.21 1.56
24.80 8.41 1.95 2.32 2.75
6.24 15.31 1.39 1.27 2.67
1.43 3.89 0.84 2.49 2.43
19.54 10.43 0.23 1.26 0.63
16.38 0.58 0.59 2.37 1.79
10.73 16.83 2.60 2.15 2.15
19.81 12.93 1.28 2.40 2.41
29.73 10.85 1.29 2.93 1.73
24.09 14.33 2.01 0.69 2.53
25.53 18.06 1.43 1.71 2.90
3.07 6.24 1.94 0.95 1.87
2.60 24.51 2.51 1.40 1.13
8.12 18.81 2.27 2.37 0.41
7.51 11.54 2.59 2.33 2.55
21.30 14.34 1.47 0.59 0.12
27.32 8.61 2.82 0.69 2.43
26.11 19.06 1.10 2.50 2.40
0.99 27.71 1.42 2.81 1.21
22.18 3.61 2.61 2.33 1.51
11.63 0.64 2.00 1.08 0.87
10.85 6.46 2.69 2.66 0.16
0.59 22.59 1.83 1.64 0.16
20.14 5.45 0.97 2.86 1.85
23.83 22.01 0.75 0.48 1.45
28.29 28.45 0.66 1.66 0.47
1.01 17.27 1.03 0.46 2.30
5.06 28.90 1.88 0.27 0.23
10.04 1.40 2.04 1.94 1.31
3.31 18.32 1.90 1.52 1.63
22.60 27.37 0.42 2.17 1.38
15.99 2.66 1.37 0.69 1.79
12.17 8.28 2.42 1.87 2.10
12.04 11.45 2.74 1.07 1.52
19.35 24.47 1.26 1.57 1.62
14.92 3.96 0.35 1.02 0.08
18.00 8.82 0.65 1.35 0.28
21.10 22.91 1.31 2.29 2.56
26.15 16.53 1.11 0.40 2.03
10.20 7.90 2.03 0.99 2.39
8.14 10.00 0.62 0.80 1.21
11.33 12.72 2.03 2.56 0.49
5.74 11.92 0.43 1.75 0.73
2.57 13.35 2.12 2.44 2.06
4.44 28.68 1.13 1.03 2.37
26.29 24.85 2.93 0.41 2.82
22.17 13.10 2.49 0.85 2.53
4.03 1.01 0.07 0.46 2.88
14.42 26.65 2.80 1.80 2.69
5.59 21.25 2.80 0.97 1.70
22.99 3.23 0.06 2.32 1.77
13.06 27.10 0.94 2.56 0.44
21.29 25.57 2.17 1.91 1.13
26.37 8.69 2.91 1.19 1.42
3.55 13.50 1.28 1.12 1.22
1.39 12.53 1.52 0.38 1.19
17.11 12.16 1.40 2.48 1.86
17.12 13.70 1.42 0.49 2.07
9.43 2.93 2.40 1.03 2.36
22.93 29.97 0.90 2.18 1.68
28.33 27.34 1.01 1.77 0.97
25.15 22.82 2.92 2.98 0.76
23.33 0.95 2.54 2.17 2.49
7.49 3.66 2.45 2.13 2.28
29.43 3.98 2.18 1.24 1.77
21.30 21.28 2.12 0.84 2.44
23.37 22.22 2.85 1.88 2.39
13.38 16.62 0.01 1.75 0.58
6.80 20.64 0.16 2.74 1.26
19.93 27.75 2.41 1.59 2.37
2.62 18.67 1.39 1.78 1.32
17.11 16.32 2.68 0.31 1.48
15.20 8.35 0.21 2.59 2.21
0.70 12.48 1.48 0.97 1.36
15.55 6.97 1.71 2.28 0.73
13.56 6.23 0.60 1.97 2.76
9.77 19.99 1.74 1.85 0.57
21.13 24.64 0.79 0.15 1.49
2.81 22.13 0.30 0.46 0.76
6.63 16.74 1.08 1.88 2.92
10.96 16.21 0.31 2.75 2.67
8.92 7.68 0.39 0.79 1.99
27.55 11.05 1.13 1.71 0.89
0.05 28.44 1.08 0.99 2.45
2.17 6.78 1.88 0.29 0.27
3.31 29.57 2.20 1.81 2.77
10.79 11.40 0.05 1.49 2.56
13.34 8.86 2.40 1.69 0.21
21.61 21.04 2.32 1.78 0.03
0.38 16.06 0.83 2.79 2.56
17.69 29.80 0.94 0.01 2.24
4.96 24.64 2.00 1.17 0.53
15.44 12.82 1.78 0.14 1.03
6.73 16.89 1.36 2.51 0.42
29.83 8.97 1.46 0.39 2.68
11.24 0.39 2.56 1.38 2.17
1.43 8.74 0.60 0.51 2.06
18.73 26.10 1.94 2.82 1.50
25.02 14.41 2.02 1.48 0.87
27.90 18.07 0.79 2.66 2.83
23.98 29.73 1.78 1.18 1.51
15.19 16.51 1.34 0.66 0.01
6.37 17.26 2.89 0.81 0.49
14.09 27.51 2.54 2.73 1.84
6.14 17.67 1.10 0.00 2.43
8.02 25.27 0.83 0.00 0.20
11.04 5.02 2.59 1.80 2.12
24.34 26.66 1.88 0.12 0.48
13.05 3.17 1.06 0.94 2.69
9.98 27.52 0.71 1.30 1.79
22.16 19.56 2.57 1.94 1.60
12.17 8.13 1.41 1.13 2.65
11.33 8.61 1.14 0.01 0.09
21.42 1.07 2.84 2.67 0.25
1.56 24.11 0.94 2.22 2.99
25.52 25.79 0.89 1.25 1.90
21.05 25.81 0.55 0.38 1.31
29.04 23.96 2.16 0.96 1.78
24.28 25.29 2.89 2.37 2.43
16.61 27.09 2.94 0.28 2.50
8.34 27.99 2.97 1.01 0.59
21.25 2.01 1.26 1.51 1.97
12.09 0.45 0.12 1.84 0.78
7.28 25.17 1.81 1.38 1.82
19.48 1.92 2.19 2.47 1.72
8.72 29.44 2.71 1.03 0.24
10.33 24.93 2.31 2.56 0.40
27.76 13.51 0.86 2.59 2.76
23.81 16.37 2.33 1.14 1.65
2.29 12.75 0.25 2.74 0.23
4.98 14.65 2.94 1.07 2.01
5.77 0.87 1.85 1.43 2.73
23.84 15.91 0.65 2.37 2.60
23.14 9.32 2.35 0.79 1.03
12.24 4.90 0.55 2.48 2.40
3.46 7.79 0.93 2.88 1.83
0.55 13.10 1.84 1.62 2.33
21.56 20.71 1.72 1.09 1.91
18.06 16.34 1.72 2.89 0.94
1.37 17.64 2.85 0.65 2.55
18.40 16.58 0.17 0.82 2.03
0.31 12.97 2.33 2.96 1.57
7.16 29.29 0.21 0.42 2.98
29.79 24.77 2.52 0.75 0.87
11.09 28.15 2.07 2.73 1.67
5.29 8.00 0.86 0.37 0.22
10.49 9.25 1.94 1.46 1.05
24.66 23.11 2.40 2.48 0.90
13.70 5.12 2.24 1.00 1.12
26.36 24.89 0.06 0.88 0.47
8.82 24.63 2.96 1.77 1.82
17.65 22.39 2.84 0.04 1.27
14.61 15.23 0.63 2.36 1.99
18.47 9.56 1.94 0.09 0.54
22.24 8.83 2.92 2.33 1.24
11.79 28.08 1.33 1.89 1.72
10.58 29.08 1.19 1.87 0.93
12.18 3.04 2.39 1.46 1.02
14.28 25.86 2.65 2.03 1.94
2.66 17.72 2.67 0.30 0.13
1.35 25.89 0.03 2.13 2.72
9.35 6.58 0.94 2.57 1.04
12.44 25.49 1.56 2.39 2.48
4.63 23.49 0.64 0.16 2.56
18.72 0.46 0.92 0.00 2.06
5.22 12.11 0.10 2.19 1.92
27.33 5.61 2.73 1.52 2.11
22.01 6.64 1.75 1.22 1.99
22.43 8.22 1.27 2.50 0.88
6.58 5.30 2.23 1.05 2.34
22.58 6.46 2.62 2.24 0.63
10.33 0.23 1.46 1.92 0.80
12.62 4.39 0.04 2.04 2.17
10.34 5.64 1.72 1.36 1.57
5.12 16.36 1.91 1.68 2.77
6.99 7.02 0.71 0.47 0.69
6.99 20.25 0.69 1.54 2.63
26.79 27.17 1.73 2.64 2.81
20.03 12.47 1.86 2.45 0.74
22.32 5.43 0.56 0.16 0.09
10.41 23.76 1.88 0.15 2.25
6.66 9.99 1.12 2.31 1.99
16.35 5.43 0.53 1.21 2.63
22.23 8.90 0.87 1.90 2.98
3.40 27.31 1.91 0.80 0.57
24.24 22.36 2.73 0.39 2.97
25.25 25.17 0.76 2.46 1.40
10.74 14.96 1.97 0.27 1.85
25.98 23.68 1.79 0.57 2.17
25.18 4.04 1.37 0.60 1.91
23.14 19.83 2.16 0.22 2.63
10.20 16.03 0.74 0.13 1.70
15.99 21.67 0.97 2.36 2.64
11.02 26.95 0.89 1.87 2.15
11.97 13.65 0.35 1.26 1.29
7.11 9.01 1.17 0.86 0.90
0.42 18.98 0.51 1.77 0.92
29.03 2.73 0.72 0.06 0.68
0.69 27.48 2.99 0.94 2.81
26.93 5.92 1.58 0.70 0.56
20.44 19.56 0.48 0.91 0.29
3.93 3.43 1.21 0.23 2.98
6.89 1.57 1.49 1.32 2.31
9.55 19.45 2.29 0.66 2.75
12.17 7.85 0.96 2.98 2.69
22.50 8.20 1.72 1.78 1.44
29.75 17.73 2.05 2.87 1.42
26.20 15.62 1.45 2.36 0.94
7.35 17.52 1.83 1.37 1.28
22.07 27.94 0.51 0.90 2.41
8.11 2.66 2.33 1.09 1.75
19.66 10.48 2.67 2.58 1.30
18.68 21.70 0.97 0.83 0.99
23.48 1.24 1.77 0.99 2.53
25.59 23.83 1.75 1.39 2.20
1.91 21.34 0.79 2.90 2.82
18.05 27.28 0.31 2.56 0.10
13.97 10.89 0.70 1.44 2.20
14.47 26.04 1.37 0.31 2.49
16.13 20.55 0.39 2.01 0.90
14.49 27.69 2.59 2.68 1.30
13.96 8.48 1.64 2.94 2.58
27.79 26.11 2.07 2.77 2.65
7.07 7.70 0.21 1.68 2.85
21.46 7.85 0.83 1.86 1.89
24.20 27.35 2.63 0.89 2.54
14.32 1.86 0.81 1.78 2.70
28.95 18.72 0.61 2.08 0.60
24.22 25.64 1.08 0.73 0.81
8.75 19.86 0.89 2.46 0.60
14.31 10.26 2.74 1.37 1.53
19.25 4.54 0.03 0.15 2.66
15.61 8.67 0.43 1.54 0.19
29.68 24.30 0.77 1.59 2.99
8.58 16.91 0.58 0.99 2.63
28.51 4.87 1.53 0.83 0.68
2.08 15.71 0.87 1.17 0.74
1.85 10.64 1.58 0.40 1.10
8.91 12.51 2.37 1.83 1.10
15.77 9.62 0.60 2.40 0.70
11.69 27.57 1.27 2.50 1.23
11.25 7.26 1.50 2.87 2.46
27.91 16.26 1.43 2.09 2.89
24.05 12.48 0.83 2.73 2.49
10.69 27.55 0.87 0.04 2.73
26.42 1.10 1.39 1.90 1.12
4.98 4.91 2.54 2.90 1.55
2.84 2.73 2.40 0.53 2.33
10.05 11.91 0.74 2.68 1.70
11.37 25.14 1.87 1.91 0.36
17.78 8.74 2.30 0.47 2.71
8.85 7.25 0.77 0.75 1.45
24.06 22.32 2.15 2.90 0.92
26.32 11.43 2.16 2.58 1.04
15.01 24.09 2.50 1.00 2.35
18.92 28.38 2.90 2.30 1.21
1.86 1.66 0.14 2.04 2.26
27.66 12.00 1.34 2.51 0.96
27.82 15.65 0.68 0.25 1.19
28.96 4.27 1.41 2.14 2.48
21.24 28.69 1.48 0.38 0.10
12.95 19.99 1.03 2.62 1.03
11.95 8.68 1.42 0.37 0.81
24.84 23.12 2.91 2.99 2.93
26.52 23.81 2.06 0.71 3.00
25.71 0.29 1.61 1.74 0.60
8.85 20.17 2.07 1.32 0.55
20.47 4.46 0.30 0.47 0.65
5.24 22.64 0.66 0.58 2.73
22.05 22.02 2.06 2.91 2.16
12.60 5.26 2.67 2.80 2.78
18.22 10.55 1.45 0.45 0.19
26.57 9.18 0.10 2.65 0.33
15.47 10.90 0.91 2.14 2.85
0.79 2.98 0.37 0.52 1.33
27.32 13.30 0.34 1.50 2.52
23.47 9.13 2.68 1.09 0.54
17.32 29.07 1.22 2.04 0.50
20.24 21.50 1.98 1.88 2.24
26.69 4.71 1.02 2.25 1.89
8.23 28.43 2.33 0.11 0.15
1.08 22.27 0.48 2.44 2.04
18.03 18.63 0.27 0.27 0.66
16.81 14.75 2.46 2.18 2.52
26.39 28.80 0.24 0.07 1.05
9.57 27.35 1.59 1.81 1.56
24.14 12.55 1.88 1.76 2.20
23.03 8.18 1.64 2.40 2.84
23.43 5.19 2.66 2.52 0.89
19.80 16.90 0.68 0.46 1.02
24.88 26.41 1.85 0.74 0.48
4.87 15.56 2.56 0.69 0.47
28.50 18.82 1.43 0.30 0.43
27.96 20.92 2.69 1.10 2.51
20.91 14.92 1.25 2.62 1.89
14.49 3.06 2.07 0.42 0.22
7.79 27.31 0.90 1.51 2.41
9.09 8.59 1.45 0.05 1.14
14.70 29.74 0.48 0.03 1.66
8.98 29.82 1.36 0.14 1.77
16.06 22.76 1.25 1.77 1.99
23.17 27.22 0.83 0.23 0.71
26.57 25.21 2.49 1.25 0.46
12.93 24.86 0.01 1.50 0.79
1.83 19.06 2.86 0.35 1.48
6.98 20.73 1.09 0.26 2.22
24.26 4.44 1.59 1.55 0.09
5.31 11.41 1.14 0.69 1.86
10.47 4.98 1.22 0.85 1.02
28.09 24.85 0.60 1.13 0.44
8.40 23.20 1.70 2.93 0.92
19.81 23.80 0.26 1.87 1.53
10.63 1.80 0.16 2.09 2.26
16.28 27.22 2.83 0.99 0.12
3.58 18.69 0.85 0.05 0.79
8.83 25.20 1.32 1.09 2.70
7.61 7.28 0.35 2.30 0.34
7.55 8.15 0.94 0.33 1.06
25.08 12.37 1.43 1.73 2.96
12.28 20.69 2.65 1.90 2.30
12.08 18.33 1.48 0.47 0.71
15.60 8.31 1.52 1.92 2.77
17.20 9.48 2.17 1.90 1.67
8.95 14.66 0.72 0.27 2.17
15.99 4.00 0.91 0.23 0.66
21.48 9.44 2.13 1.99 0.60
21.24 1.49 1.28 0.32 0.49
5.43 19.35 2.71 2.01 0.19
15.70 10.86 1.72 0.38 0.45
28.86 29.44 1.91 1.33 1.15
5.45 0.38 1.73 0.05 1.59
13.41 1.62 1.14 2.15 1.62
5.05 27.05 0.26 0.61 0.39
4.60 11.37 1.73 1.69 2.36
12.93 29.96 2.36 2.06 0.04
5.56 26.21 2.12 1.23 2.66
6.08 25.28 0.11 2.61 2.29
5.92 14.31 2.99 2.79 0.99
6.73 12.30 0.67 0.32 0.55
16.23 7.32 1.76 2.93 1.27
16.24 5.54 0.09 1.97 2.09
13.87 4.25 2.20 2.26 0.38
14.45 21.55 2.51 0.11 2.04
7.68 15.05 0.64 1.40 2.52
16.41 6.04 0.52 0.66 0.74
6.77 3.36 0.43 2.51 0.90
16.06 6.83 2.92 0.76 1.35
16.79 9.26 2.66 2.20 1.87
15.94 27.96 0.40 1.44 1.27
10.86 11.21 1.91 2.22 2.42
3.91 25.56 1.83 1.13 1.85
1.86 22.78 0.69 0.60 0.16
15.96 4.82 0.96 0.55 2.51
12.43 19.38 0.41 0.37 2.57
26.41 6.37 1.40 0.65 2.42
7.61 12.30 2.57 0.53 0.18
29.16 13.88 1.36 2.85 2.31
10.37 28.99 2.37 2.11 2.35
29.57 13.71 1.24 0.63 1.85
22.74 3.50 0.18 0.53 1.01
28.69 25.78 0.71 0.34 2.49
22.86 20.95 2.01 0.62 2.08
27.46 29.97 1.77 0.67 2.58
16.12 14.53 0.47 1.78 2.23
27.43 0.51 2.28 0.11 0.03
15.94 15.24 1.65 1.94 2.33
2.58 5.32 2.95 2.74 1.59
16.22 21.32 0.30 0.99 1.87
4.14 6.73 2.60 1.07 2.94
5.12 24.14 2.78 2.15 0.17
13.57 16.91 1.97 2.63 2.91
10.20 16.73 1.53 0.29 0.58
29.30 12.57 1.61 1.47 2.95
3.76 16.75 1.76 1.16 0.53
19.40 18.16 2.49 1.94 2.44
5.87 20.56 0.19 2.15 0.60
21.86 10.58 1.82 0.88 0.75
9.12 18.89 1.93 1.99 2.15
4.25 19.69 2.79 0.71 0.21
6.11 25.77 2.28 2.89 2.55
22.75 18.69 0.87 1.02 2.53
29.31 4.11 3.00 1.32 0.65
4.96 18.17 1.96 0.09 0.12
10.19 20.72 0.30 2.16 1.90
27.73 24.48 1.67 0.54 0.10
3.75 5.12 1.69 2.56 0.83
10.15 8.41 0.68 0.37 0.60
20.01 23.83 1.37 1.20 2.28
26.96 29.75 1.24 1.46 0.52
7.66 29.41 0.03 1.24 1.66
9.79 1.89 1.05 0.37 2.00
29.69 2.69 1.46 2.19 0.50
24.14 14.65 2.83 1.41 1.28
14.25 24.60 1.29 0.43 1.48
22.81 25.59 2.77 1.50 0.99
28.82 21.96 2.24 0.33 0.22
21.35 29.69 2.27 2.45 1.22
2.21 1.46 1.64 1.36 0.04
7.71 20.12 1.93 1.16 2.01
2.07 12.55 1.04 2.18 1.04
21.38 7.56 0.25 2.17 1.04
11.24 22.21 0.99 1.74 0.22
25.15 3.46 2.21 2.81 1.91
3.69 27.02 1.21 0.29 0.75
18.29 19.78 1.74 1.45 1.27
3.94 17.90 2.95 1.09 0.92
4.53 9.53 2.04 0.89 0.72
23.91 20.10 1.63 2.16 0.98
7.27 13.70 2.79 1.36 1.60
2.77 5.85 0.16 0.68 0.28
7.44 10.58 1.12 1.06 0.23
6.13 11.20 0.73 2.80 0.58
29.51 1.41 2.18 1.26 1.79
14.06 28.53 2.30 1.38 2.67
12.01 19.24 2.97 0.48 1.27
13.50 19.60 2.16 0.15 0.17
8.94 15.69 1.83 0.66 0.29
19.86 22.50 0.73 0.59 0.47
6.56 21.46 0.67 1.73 1.18
1.66 27.27 2.28 2.22 2.72
26.72 7.99 1.34 1.01 1.91
9.98 2.59 2.11 2.27 2.61
21.87 21.97 0.68 1.64 2.07
0.13 28.24 2.30 2.22 0.64
19.82 28.76 0.00 0.00 0.00
23.08 6.14 2.74 2.16 0.74
19.57 1.81 1.39 1.65 2.54
29.11 7.88 2.32 2.80 1.12
18.25 9.99 2.65 1.95 1.57
25.90 6.23 2.90 1.63 1.44
12.97 1.58 2.77 0.74 1.34
4.73 1.91 2.45 2.72 2.31
18.42 0.48 2.44 2.46 1.60
28.56 13.57 2.78 0.96 0.09
16.97 9.62 0.96 1.62 0.63
20.56 13.62 1.51 0.78 2.08
12.97 14.56 2.96 0.86 1.76
18.71 19.64 0.58 0.11 0.45
25.45 21.99 0.18 0.89 1.53
2.96 5.32 0.82 0.32 1.39
7.51 5.85 2.97 0.63 2.14
26.40 28.03 0.36 1.01 0.30
21.19 8.61 0.28 1.75 0.31
23.72 18.08 0.74 0.96 2.41
28.75 23.80 2.56 1.57 0.81
9.22 6.08 1.96 2.55 1.89
20.40 10.38 2.25 0.66 0.73
16.18 12.18 0.30 2.91 1.44
15.40 25.36 0.85 1.32 2.33
3.60 17.74 0.85 1.47 0.68
10.22 8.97 1.58 0.81 2.54
14.66 2.03 1.57 0.79 0.48
9.91 6.70 0.66 0.85 0.05
10.14 21.64 0.89 1.77 1.52
28.70 13.30 2.06 0.58 2.79
13.72 12.95 2.21 1.12 1.03
20.91 6.74 2.10 2.10 1.93
15.63 23.55 1.00 1.78 1.67
2.90 13.37 0.74 1.66 2.77
20.78 4.53 2.08 2.78 2.08
17.09 18.53 1.15 2.25 0.02
13.03 17.27 2.11 2.95 0.66
16.51 24.14 1.39 0.36 0.27
29.33 26.30 0.15 2.06 0.23
28.13 1.40 0.63 2.90 2.51
1.20 1.97 1.84 0.80 0.95
2.88 26.44 1.45 2.24 1.00
16.64 6.43 2.37 0.64 0.07
19.15 17.35 1.10 0.99 2.09
20.40 6.31 1.39 0.63 1.77
9.32 21.98 1.08 0.81 2.23
23.75 22.62 2.87 0.14 2.04
10.19 12.82 0.51 2.11 0.04
10.12 16.06 2.63 1.58 1.36
11.77 1.82 1.71 2.74 0.51
26.20 20.99 0.93 2.01 1.83
14.00 25.63 1.91 2.91 2.31
6.06 7.84 2.03 2.38 2.40
23.61 23.16 0.66 1.23 1.43
3.38 8.10 1.02 2.21 1.72
8.24 1.64 1.42 1.55 1.52
5.12 3.50 0.82 1.08 1.53
23.41 9.57 2.55 1.51 2.13
11.68 6.93 2.29 0.07 0.08
1.06 28.41 0.23 1.71 0.23
18.14 18.33 0.78 2.93 0.79
16.90 7.90 1.47 0.56 2.77
3.17 13.07 0.75 1.40 2.33
14.24 7.45 1.00 2.22 1.95
5.59 3.50 1.36 1.06 0.27
12.70 14.43 1.16 0.42 2.55
13.34 26.98 0.02 1.20 0.60
27.59 22.78 0.83 0.86 1.28
18.47 1.42 1.82 1.40 1.28
8.20 7.64 1.79 1.49 1.18
17.88 0.61 1.22 1.97 1.17
17.25 9.88 1.39 0.88 1.18
0.61 0.97 1.86 2.97 1.95
22.34 13.02 2.25 1.90 1.13
19.52 15.82 0.55 2.52 2.43
2.77 22.16 0.86 2.20 1.45
16.77 13.25 2.27 2.26 2.83
10.01 13.42 2.94 1.23 1.35
9.06 4.48 0.51 1.67 0.13
18.76 29.43 1.75 1.18 0.97
11.16 23.79 2.66 0.05 0.22
10.34 6.29 1.42 1.01 0.31
18.37 24.35 0.02 1.60 2.52
17.34 1.69 2.51 1.51 0.89
26.46 12.61 2.51 1.93 1.38
10.82 19.54 0.25 0.06 0.91
10.63 22.98 1.05 0.31 1.87
13.98 2.18 0.62 2.61 1.05
22.85 21.15 2.24 0.28 0.56
27.46 2.70 1.66 2.45 2.84
24.34 9.39 2.49 1.38 1.20
22.59 5.52 0.89 2.13 1.47
3.85 7.50 2.95 0.66 0.19
8.05 11.11 1.24 0.23 2.89
5.19 26.30 0.08 1.49 0.87
0.74 16.64 1.52 0.36 0.93
28.44 19.21 1.09 2.26 2.69
22.65 6.77 0.05 0.29 1.02
18.87 27.71 1.18 0.25 1.73
10.56 9.04 1.82 2.93 0.61
3.09 24.78 2.85 0.73 2.32
24.64 2.82 1.43 2.15 0.99
7.27 8.24 1.23 2.86 1.41
0.53 1.56 0.61 2.96 1.18
3.54 18.35 2.11 0.70 1.49
5.72 19.08 2.48 0.26 2.66
11.91 8.81 2.54 0.07 0.66
9.21 29.78 1.31 1.41 1.31
18.12 6.92 1.83 2.66 2.23
24.17 1.39 2.47 1.21 2.56
13.64 16.28 1.66 2.04 2.20
7.25 3.99 0.74 0.46 0.04
25.48 24.06 0.36 1.54 1.02
10.77 4.21 1.99 1.59 0.82
3.81 20.32 2.95 0.69 0.71
2.51 6.12 2.37 0.37 1.75
12.59 7.22 2.04 1.42 0.71
2.04 13.44 1.69 0.02 2.14
13.93 28.84 1.25 1.70 2.71
6.14 2.54 2.60 2.42 0.06
28.36 29.57 1.25 0.51 0.89
5.96 9.69 0.27 0.35 2.47
11.40 27.46 0.87 2.02 0.91
9.07 23.57 1.17 1.09 1.32
26.87 3.52 0.53 2.87 2.87
1.43 28.98 2.15 1.95 1.96
16.05 25.73 1.89 2.96 2.06
15.16 1.51 0.13 1.71 0.23
2.05 9.35 2.18 0.56 1.93
1.33 24.87 1.08 1.23 1.22
26.24 4.76 0.19 0.70 2.82
11.69 3.25 0.07 0.74 2.98
16.98 10.72 1.21 1.72 1.83
25.86 27.85 2.42 0.35 1.35
0.17 7.97 2.71 2.79 2.85
11.99 5.04 2.36 0.61 1.56
0.67 13.79 2.39 0.85 2.09
0.74 6.42 2.85 1.14 0.50
3.90 5.28 2.07 1.34 0.49
29.59 25.08 0.02 0.71 1.40
4.91 9.87 2.16 1.51 0.35
4.63 10.19 1.20 1.52 1.75
29.85 21.75 2.73 1.45 0.70
18.72 25.75 1.33 1.00 2.06
15.71 29.86 0.31 1.51 1.64
21.51 3.16 1.53 2.08 0.46
25.92 23.72 0.32 2.52 2.18
14.80 14.29 0.05 2.36 2.92
9.74 16.58 2.35 0.48 2.45
2.03 3.29 0.01 2.66 0.61
29.16 3.54 2.71 1.87 0.63
11.59 29.03 2.92 0.11 2.33
18.13 0.76 2.09 2.53 2.40
25.79 16.02 1.08 1.96 1.29
28.14 16.19 0.02 1.83 2.89
26.42 2.28 2.48 1.85 2.23
11.76 3.47 2.18 2.09 0.02
24.26 20.39 1.18 2.80 1.74
24.99 11.72 0.76 1.14 0.71
14.49 19.78 0.44 2.02 0.63
16.85 13.89 2.40 0.54 0.41
19.14 12.66 2.39 1.87 1.13
8.55 1.46 1.33 2.18 0.03
21.83 10.44 2.37 1.82 1.56
21.24 9.85 1.70 2.47 2.28
11.80 26.43 2.32 0.65 2.22
16.56 5.72 0.73 2.17 1.94
12.71 27.27 2.64 1.53 2.70
28.06 3.92 2.38 1.79 0.56
17.07 3.19 1.56 1.79 0.15
4.45 28.99 0.22 0.64 2.11
21.23 13.29 0.39 2.06 0.65
15.13 6.95 2.06 0.40 0.02
16.26 24.82 0.63 1.61 1.64
29.81 1.99 2.47 2.08 2.85
14.17 8.31 1.66 0.34 0.43
29.45 28.23 2.44 2.57 0.05
7.24 25.92 2.74 1.15 0.59
11.91 26.67 0.93 2.00 2.31
18.40 20.58 2.20 0.87 0.13
3.37 5.20 1.71 2.06 1.14
13.00 12.15 2.24 0.01 1.12
4.41 21.91 0.90 2.86 0.85
6.71 19.04 1.30 2.71 2.94
1.12 24.97 2.97 1.46 1.84
23.15 19.51 2.41 0.15 0.20
21.36 8.02 1.57 1.39 2.21
13.77 9.55 2.93 0.58 0.34
5.33 26.68 1.25 0.27 0.64
4.23 25.88 0.26 1.69 2.49
4.81 14.82 2.41 0.67 0.69
18.33 20.03 0.42 0.75 0.65
1.25 5.30 0.14 2.79 1.15
28.90 5.53 0.39 2.34 2.10
7.53 19.04 0.23 1.18 1.68
9.88 17.42 0.67 0.70 1.67
3.90 16.99 0.43 0.58 2.29
3.56 9.42 1.88 1.82 0.36
5.47 28.44 1.31 0.78 2.98
9.13 10.99 2.07 1.80 2.13
5.57 6.67 0.86 1.44 1.40
11.36 12.66 2.48 2.84 2.70
28.43 24.46 0.33 2.92 2.95
7.82 16.70 1.90 0.27 0.12
5.37 1.22 0.73 0.82 0.22
15.82 23.96 1.29 0.84 0.36
3.19 1.41 2.27 1.53 0.62
17.26 6.75 0.11 1.74 1.21
14.71 22.75 1.75 1.42 2.85
18.94 7.24 2.04 2.90 1.59
26.71 19.07 2.43 2.87 1.01
12.64 18.18 0.15 0.48 1.04
26.23 4.46 2.09 0.87 2.95
11.71 17.06 1.79 0.17 1.52
19.93 3.08 1.50 0.95 1.81
5.71 20.39 0.35 0.12 0.64
16.82 1.43 0.12 3.00 0.56
6.23 9.94 1.75 2.31 2.27
27.36 23.17 2.52 0.17 2.70
2.67 21.97 1.46 1.55 0.31
16.66 7.48 2.74 2.91 2.38
0.18 15.56 1.85 1.65 2.41
29.14 21.37 1.22 2.43 0.80
25.96 12.63 1.74 2.53 1.56
6.61 18.73 1.84 2.40 0.78
26.28 25.21 0.35 2.89 0.08
28.92 25.20 1.66 0.06 2.65
23.54 26.56 2.71 0.61 1.92
1.03 29.23 2.23 2.53 0.06
28.51 20.26 2.26 2.10 1.15
15.92 20.58 2.21 2.73 1.46
13.98 23.20 1.86 1.62 1.25
29.41 25.06 1.68 2.32 2.29
10.73 2.69 2.33 2.46 1.50
10.33 29.90 1.93 1.20 1.59
29.10 6.17 2.99 0.57 2.82
26.12 1.07 0.53 2.95 1.42
15.26 18.26 1.53 0.63 2.78
8.78 21.59 2.89 1.98 2.39
18.40 12.69 2.49 0.02 2.64
19.18 11.35 0.80 2.16 1.08
16.23 21.55 2.52 0.94 1.92
29.72 7.45 2.22 2.85 1.28
20.30 20.06 2.85 1.30 2.91
16.25 19.99 2.19 0.41 0.58
8.61 6.06 2.06 0.26 1.69
28.92 5.99 0.84 2.60 1.06
24.40 10.90 1.50 2.48 0.90
6.90 1.88 0.26 0.16 0.39
3.66 9.10 0.74 2.71 0.36
6.24 20.76 2.21 2.32 1.91
11.08 17.06 0.95 2.41 1.08
4.26 6.09 1.23 2.62 1.06
2.67 14.77 1.79 0.50 2.05
10.11 23.68 1.93 2.55 0.79
3.27 4.52 2.02 0.12 1.25
25.14 25.28 1.60 0.15 1.98
27.32 13.02 1.33 1.46 2.31
20.51 11.61 1.95 1.23 0.52
15.30 12.52 2.19 2.15 1.32
22.09 9.14 0.86 1.64 1.64
3.93 22.29 0.66 1.07 1.10
11.84 15.22 2.41 1.42 2.28
1.81 15.23 2.80 0.80 1.20
25.39 7.48 0.76 0.63 1.56
22.72 15.80 0.67 0.81 1.47
24.24 18.14 0.56 2.17 0.26
23.91 5.85 2.70 2.32 0.92
25.08 28.25 1.60 1.56 1.13
4.42 11.91 2.04 2.92 1.65
6.48 13.18 2.89 0.97 0.15
15.88 6.62 2.65 1.67 2.57
5.94 4.71 0.02 0.45 2.67
12.67 26.73 0.80 1.35 1.83
22.10 7.85 2.18 1.78 0.44
27.93 25.59 2.79 0.49 0.05
21.22 1.65 2.22 1.47 1.80
22.29 8.92 1.21 0.14 1.14
20.53 13.11 0.68 2.19 1.10
27.38 25.85 2.80 1.98 1.44
18.89 11.72 1.27 2.65 2.10
3.94 8.85 0.97 2.60 0.17
9.64 20.01 2.14 1.33 0.13
29.47 24.53 1.82 0.85 0.44
17.91 3.98 1.56 0.94 1.02
21.98 24.83 0.88 0.71 2.15
17.77 22.17 1.65 0.31 0.14
6.41 20.33 2.61 2.36 1.04
3.35 29.11 0.07 1.62 1.37
27.38 9.53 0.37 2.41 0.66
16.61 18.34 1.67 2.20 1.06
1.47 19.02 2.84 2.72 1.59
0.26 27.69 1.58 2.49 1.90
1.70 0.86 1.34 1.72 1.17
8.95 18.67 2.37 2.97 0.56
24.38 3.39 0.55 2.07 1.70
6.01 23.19 1.74 0.27 1.33
14.91 0.54 1.46 2.04 1.08
5.64 0.55 2.19 1.51 2.49
19.10 5.13 2.25 2.98 1.54
11.26 13.17 2.15 2.23 0.98
17.08 0.90 0.22 2.89 0.85
0.39 5.85 0.29 1.86 2.41
3.21 28.94 2.32 0.04 0.65
14.38 2.19 2.20 0.15 2.83
2.21 23.43 1.43 2.62 2.72
25.53 16.28 2.61 2.47 1.12
19.00 23.99 1.59 1.81 2.55
7.00 26.98 2.38 0.06 2.55
8.50 2.22 1.93 0.93 0.45
23.16 4.00 2.43 0.49 1.05
1.48 16.37 1.42 0.03 0.89
22.20 0.36 2.03 0.95 2.36
8.33 24.09 0.42 1.69 2.41
2.85 29.68 1.53 0.04 0.45
16.29 10.21 0.24 0.66 0.14
5.20 14.17 2.89 0.84 1.04
18.90 22.67 0.12 0.24 0.17
20.41 27.36 1.90 0.86 1.90
6.39 23.55 1.61 2.86 2.14
26.90 10.73 1.36 2.06 2.38
26.63 14.79 1.66 0.84 0.55
17.42 8.00 0.38 2.63 0.98
3.39 12.69 2.37 0.56 2.36
27.00 11.79 0.90 0.85 2.38
3.66 10.87 2.97 2.59 2.43
18.06 21.53 1.04 1.37 1.22
20.56 10.38 1.33 0.64 0.95
10.94 15.39 1.27 1.69 0.10
5.23 17.41 0.11 0.13 0.33
24.52 5.15 2.72 2.84 0.10
21.41 0.95 2.50 0.74 2.91
2.97 19.89 0.78 1.76 2.44
12.30 4.74 2.75 0.94 0.26
13.23 5.81 0.23 2.64 2.55
17.00 6.71 0.21 2.71 2.02
27.97 5.58 0.01 1.76 2.36
19.24 9.70 1.36 2.12 0.05
16.63 27.52 2.45 0.20 0.95
24.90 24.66 0.91 0.21 1.23
6.92 14.87 0.72 1.65 2.16
1.85 0.38 1.24 1.79 2.42
15.52 5.78 2.90 2.93 2.79
25.13 21.79 2.52 2.68 1.31
18.67 23.79 2.99 0.45 2.65
5.18 0.59 0.03 1.70 0.97
16.39 28.29 2.80 1.37 1.31
2.03 18.06 1.92 0.10 2.10
24.04 12.46 2.54 2.17 0.16
8.21 1.10 2.09 2.11 0.79
9.77 9.76 0.79 0.27 1.03
2.60 10.34 2.33 1.32 0.19
9.85 26.44 2.95 1.53 0.99
15.40 8.83 2.62 1.16 1.08
20.87 5.92 1.49 1.85 2.97
5.65 11.32 2.94 1.49 2.80
10.27 28.13 1.14 1.59 0.48
21.89 0.22 1.67 1.48 0.00
29.10 28.93 0.60 0.21 2.37
16.14 3.20 0.82 0.71 1.17
29.87 20.63 1.90 0.87 1.51
7.86 15.88 1.80 0.19 1.66
7.47 9.67 2.20 2.34 0.46
15.09 4.22 0.74 0.72 0.53
20.02 10.32 2.36 1.06 0.83
10.93 15.21 2.15 1.19 0.17
21.60 17.29 0.79 1.39 2.21
20.48 5.36 2.96 0.10 1.29
3.17 6.64 2.86 1.88 0.71
1.53 2.40 0.56 0.05 1.67
23.35 10.50 1.73 2.71 1.25
13.67 15.69 0.59 0.97 2.98
26.90 24.99 1.12 2.93 2.34
18.37 3.22 0.89 1.09 0.36
28.29 24.35 1.82 2.49 2.21
28.60 2.84 0.68 1.32 2.15
23.16 23.18 2.16 1.96 1.60
27.09 22.10 2.97 1.22 1.30
19.32 6.50 2.89 2.39 1.62
9.72 10.13 1.95 2.09 1.53
26.17 29.56 1.08 2.14 1.66
21.06 2.43 2.30 2.38 1.88
2.25 15.73 1.36 2.88 2.21
4.27 18.53 2.57 0.47 2.06
14.12 1.50 2.96 1.57 2.50
8.39 0.75 1.95 2.21 0.02
18.40 3.51 1.51 2.97 2.49
10.81 29.60 0.13 2.32 2.93
26.02 15.00 0.98 1.70 0.50
15.22 11.53 0.37 1.94 0.59
22.27 0.76 0.69 2.32 1.50
0.42 3.47 1.78 1.03 1.38
18.08 27.27 1.14 1.37 1.49
26.43 1.68 1.33 1.03 2.05
28.92 11.62 2.67 1.87 1.15
27.61 15.42 0.07 1.98 0.53
1.76 21.66 1.75 1.82 0.96
16.05 9.25 2.28 1.02 0.61
19.46 11.19 0.36 1.60 0.88
0.91 23.87 2.67 0.03 2.09
28.40 12.01 0.42 1.12 1.35
14.30 0.93 0.90 2.69 1.78
8.12 0.80 0.69 1.83 1.02
0.47 29.58 2.13 0.73 2.61
13.31 1.24 1.91 1.47 1.69
12.89 9.18 1.52 1.21 1.18
22.51 25.05 1.68 0.11 0.73
16.31 14.32 0.89 2.43 2.20
17.15 0.71 2.39 2.80 2.45
25.95 4.07 2.55 2.54 0.86
24.32 16.28 0.47 1.06 2.21
21.51 10.25 1.18 1.13 2.56
7.34 18.87 1.38 1.05 1.57
2.94 15.80 0.22 2.55 2.26
26.42 17.50 0.70 1.13 1.01
9.35 22.60 1.15 2.73 0.60
11.07 28.66 1.57 2.47 2.23
18.54 15.58 0.91 1.76 1.40
7.43 12.98 2.43 2.31 2.88
4.40 3.51 1.21 2.72 1.46
1.85 5.05 2.06 1.12 1.02
4.20 11.99 0.16 2.52 1.81
7.57 23.32 2.22 0.01 1.51
9.92 4.64 0.62 2.50 2.60
26.71 18.38 0.44 0.66 2.05
19.93 22.41 2.58 1.90 0.47
25.04 25.24 1.99 2.93 0.90
24.30 13.74 1.35 0.18 0.39
14.35 14.62 2.11 0.30 0.45
9.18 18.52 0.89 0.32 1.06
26.26 17.89 0.17 0.24 1.47
12.41 23.53 1.28 1.19 0.51
12.56 15.56 1.79 0.10 1.74
28.80 12.96 2.48 1.01 0.75
14.72 20.54 1.73 0.28 1.16
28.95 18.27 1.24 0.31 2.17
15.18 11.27 0.95 0.01 1.87
0.93 6.41 1.67 0.63 1.03
24.02 2.38 2.15 2.90 1.90
4.81 24.20 1.71 0.18 0.27
2.52 4.37 2.82 1.00 2.25
28.44 13.95 2.01 0.10 2.06
8.83 26.39 1.48 1.30 2.45
23.18 17.40 2.46 1.36 0.72
9.71 15.78 0.03 0.16 1.44
5.37 4.79 0.76 1.54 0.77
6.10 19.96 0.22 0.88 0.92
16.68 28.34 0.32 1.33 2.49
5.84 17.80 1.34 1.28 1.81
0.19 0.41 1.62 2.05 2.20
22.93 19.37 1.24 0.03 1.28
20.42 6.70 0.52 2.75 0.80
24.34 27.10 0.83 0.37 0.74
11.84 8.62 0.77 2.04 0.17
12.90 26.36 0.43 2.46 1.31
26.15 16.77 0.27 2.33 1.44
19.80 28.80 1.64 2.55 1.65
27.11 7.76 1.73 2.18 0.81
0.35 0.69 2.14 1.11 0.64
13.76 29.30 1.61 0.34 0.95
1.58 21.92 2.06 0.36 2.84
14.20 17.70 2.32 2.01 2.43
15.60 0.10 2.53 0.34 0.08
27.45 2.94 2.81 1.13 0.93
10.71 26.29 1.39 2.77 0.83
14.03 3.30 1.67 1.20 2.07
0.71 24.21 2.51 0.81 1.18
19.82 11.66 2.83 1.25 0.65
13.14 16.31 1.07 1.47 0.46
25.33 24.91 0.64 1.69 1.99
19.04 4.03 0.19 1.03 1.88
11.48 17.47 0.43 2.67 2.22
0.80 27.07 2.59 1.13 0.58
20.16 23.18 2.83 0.02 2.39
26.48 1.21 1.15 0.98 1.41
23.53 3.83 1.28 1.17 2.94
25.29 21.27 2.55 1.51 2.48
28.20 17.15 1.38 0.51 0.99
1.47 10.94 1.49 0.56 0.60
19.29 12.95 1.99 2.43 1.61
19.76 0.27 1.18 2.49 2.18
4.42 9.16 1.99 0.59 1.60
13.36 5.64 1.23 2.20 0.13
5.43 25.58 0.36 1.40 2.42
24.18 23.65 0.44 2.37 1.76
23.47 11.01 1.65 0.63 2.39
6.74 6.19 1.31 0.01 1.99
14.42 12.78 2.74 1.48 2.16
22.26 13.76 2.39 0.55 1.50
27.25 19.32 1.43 2.92 1.30
13.29 23.99 0.86 0.37 2.45
23.99 13.91 1.41 2.17 0.71
24.11 18.58 0.98 2.78 1.57
4.49 8.93 1.39 0.29 0.79
13.41 13.97 1.75 2.27 2.95
9.52 9.50 0.80 0.07 0.95
18.44 23.40 1.51 1.51 0.51
12.36 21.05 0.04 2.52 1.74
3.77 4.64 2.73 0.38 2.12
24.33 28.02 2.32 0.50 0.15
4.64 17.84 1.28 0.62 1.30
19.16 27.16 2.68 1.67 0.82
21.71 5.09 2.34 1.49 1.33
0.20 8.16 1.37 1.54 0.75
15.33 25.86 1.06 0.81 2.42
8.19 10.53 2.26 1.98 0.66
10.57 2.21 1.92 2.67 2.08
1.74 10.10 0.85 0.43 0.06
18.97 26.73 2.94 1.60 1.37
17.37 18.17 2.24 0.47 0.37
2.66 24.93 0.73 2.10 1.53
23.31 7.10 0.18 2.32 1.73
13.56 15.18 0.65 1.83 2.84
4.43 28.94 2.44 1.43 1.30
23.68 16.58 1.20 0.49 0.29
24.97 25.70 0.07 2.31 2.16
28.97 1.20 2.97 1.15 0.50
7.35 15.11 2.41 0.23 0.22
0.11 2.73 2.43 1.51 0.20
6.59 11.02 0.19 1.16 0.07
27.03 19.29 0.66 2.53 1.85
13.18 1.00 2.33 0.49 1.90
21.72 22.44 1.64 1.08 0.63
2.22 8.68 2.67 1.62 1.07
28.20 13.55 1.21 1.99 0.39
15.49 10.05 0.13 0.32 2.23
25.55 19.21 2.91 2.51 1.49
28.12 21.38 0.75 2.70 1.95
24.40 7.16 1.57 0.11 1.93
9.84 3.51 0.19 0.96 2.46
18.17 29.14 1.47 1.49 2.48
27.79 5.23 2.89 2.07 1.58
10.81 10.16 1.36 1.28 2.67
22.83 15.13 0.24 2.53 2.61
26.96 26.22 1.08 1.92 0.61
26.78 9.79 2.69 1.96 2.48
20.99 29.47 1.99 2.35 0.71
8.54 22.68 0.98 2.20 0.76
28.53 1.18 0.52 1.86 2.82
12.14 4.43 2.10 1.17 2.32
3.91 20.52 1.08 2.45 2.80
4.78 3.37 0.73 2.48 0.03
3.80 16.57 0.80 2.23 1.75
21.35 19.36 2.68 1.97 0.66
24.41 9.42 1.16 2.38 1.43
9.61 11.55 1.43 1.40 1.12
15.50 2.41 1.06 1.77 2.01
12.85 0.21 0.61 1.07 2.93
25.81 8.15 1.96 0.09 0.98
8.21 15.97 2.00 2.97 0.29
10.51 8.64 0.17 1.66 2.08
26.21 9.09 2.07 0.30 2.11
8.46 8.93 0.04 1.39 2.44
16.48 20.20 1.59 2.29 0.35
25.43 6.73 2.73 2.52 0.89
28.34 10.77 2.52 2.58 0.68
23.09 7.65 1.89 1.15 2.64
17.57 14.84 0.62 2.10 0.15
2.23 20.33 2.57 2.19 1.32
15.03 3.98 1.61 0.84 0.51
19.68 6.23 0.73 0.83 0.34
7.68 16.51 0.56 0.20 2.79
8.48 23.72 1.82 0.02 1.63
14.82 4.57 1.68 1.20 1.92
19.33 7.54 2.65 1.84 0.88
7.84 26.57 1.67 2.92 0.85
6.13 29.39 0.66 1.40 2.19
22.75 26.80 2.79 2.88 2.61
13.35 26.09 0.98 1.21 1.95
4.86 10.24 1.68 0.69 1.85
24.74 19.10 1.60 1.47 1.30
8.90 5.15 0.66 1.12 1.29
23.51 16.32 1.69 2.52 0.68
25.02 4.45 0.65 1.04 2.85
18.83 15.96 1.30 0.29 2.61
22.39 21.68 2.05 0.53 0.24
0.93 24.54 2.43 0.12 2.39
7.20 13.92 0.38 1.35 0.72
17.75 20.44 2.83 1.75 2.10
19.53 26.13 0.75 0.39 0.27
1.41 27.64 2.60 0.81 0.83
9.87 24.88 2.11 0.68 1.45
2.11 3.92 0.57 2.87 2.24
4.02 6.10 2.84 2.19 1.53
11.63 19.29 0.76 2.38 1.37
8.57 23.45 2.90 2.43 2.70
3.32 1.40 2.22 0.00 1.97
26.73 3.77 2.78 0.72 2.59
2.40 20.10 2.77 1.06 1.01
5.70 9.99 0.46 0.07 2.53
23.68 22.90 1.13 2.08 1.06
0.17 29.15 1.25 2.74 0.16
5.25 6.32 0.32 0.26 0.87
11.43 29.29 0.69 0.40 0.83
16.00 21.06 2.91 2.21 1.30
21.45 7.37 1.21 2.22 2.93
20.82 11.84 0.98 0.34 0.32
23.93 1.54 2.62 1.75 1.28
27.80 2.24 2.69 1.80 2.45
20.25 22.70 1.25 0.74 0.59
15.42 19.29 1.73 0.61 1.25
12.50 0.93 2.97 0.85 0.87
18.36 15.67 2.67 0.09 0.57
14.94 0.15 1.94 1.44 0.46
21.61 3.33 2.49 1.41 1.60
21.18 0.56 1.42 0.05 1.79
7.42 8.33 2.23 0.42 0.29
13.88 28.29 0.30 0.71 2.37
3.02 19.91 2.89 2.33 1.27
18.72 25.49 1.24 0.69 1.79
4.36 29.95 2.55 2.22 2.93
24.52 27.07 1.58 0.61 1.45
5.94 3.30 1.14 2.33 2.50
17.65 18.18 2.91 2.61 1.14
12.78 12.39 1.43 2.09 0.00
6.17 19.75 1.57 1.23 1.97
2.18 2.92 2.22 2.02 2.03
5.27 4.47 1.39 1.34 2.72
10.91 9.83 2.13 1.07 0.09
12.73 23.23 1.99 1.37 0.03
25.67 20.46 2.98 2.49 1.28
13.17 19.27 0.04 1.17 0.84
12.88 2.65 1.08 2.12 1.72
19.42 19.91 1.35 1.39 2.84
16.10 26.26 0.74 2.01 2.22
9.24 22.46 0.26 1.67 1.85
15.87 22.44 0.02 2.80 0.46
25.58 11.23 2.82 2.91 1.23
16.98 28.51 0.14 2.01 2.70
18.95 20.58 1.79 1.15 1.08
25.77 5.53 2.72 1.79 1.07
17.44 0.57 2.90 2.36 1.76
2.21 16.40 1.95 0.57 1.79
6.48 4.51 2.85 1.21 1.76
10.12 17.48 0.12 2.24 1.88
3.33 7.06 2.07 1.43 2.26
29.97 9.13 0.59 1.69 2.89
14.01 14.61 0.39 0.11 2.21
16.67 0.80 2.55 2.93 1.02
3.80 8.45 2.90 0.37 0.89
13.53 16.74 0.81 0.46 2.56
1.50 17.25 2.76 1.03 0.69
28.60 15.32 0.29 1.32 0.06
9.45 8.29 0.89 1.07 0.31
21.23 15.48 0.66 0.89 2.36
16.61 18.81 0.88 2.69 0.31
27.46 27.89 0.93 0.47 2.53
24.68 9.76 1.14 0.42 0.01
18.70 19.04 0.20 1.98 2.37
29.47 26.04 1.12 0.73 0.84
21.93 14.35 2.34 1.48 2.72
17.87 19.02 1.84 0.72 1.51
10.37 21.50 2.94 0.80 1.83
17.99 28.96 0.12 2.92 0.25
26.35 26.52 0.00 1.12 2.09
20.07 23.06 1.70 2.41 2.26
7.28 26.93 0.38 0.10 0.64
10.83 8.71 2.57 2.13 0.91
20.97 11.71 0.11 1.36 1.76
1.78 2.88 0.97 2.65 1.72
19.25 14.17 0.95 0.71 2.88
1.26 20.02 1.14 1.06 1.01
15.77 10.24 1.92 0.38 2.31
21.73 5.60 1.19 0.44 0.59
28.91 2.20 0.61 1.31 2.06
22.71 4.05 2.70 2.16 1.52
12.42 3.06 1.94 1.49 2.89
8.34 15.30 0.67 0.13 1.54
10.80 3.31 0.93 0.44 2.89
5.78 1.43 0.42 2.21 0.03
24.66 27.82 1.59 0.41 1.87
23.41 20.43 1.71 2.22 2.20
0.07 27.59 2.44 0.11 2.10
25.92 5.06 2.21 2.04 0.90
9.96 2.95 1.44 1.22 1.05
27.49 16.39 0.56 0.32 0.73
27.88 3.85 1.98 1.73 0.70
5.23 13.86 0.07 1.03 1.44
15.02 8.73 2.40 0.82 1.41
11.64 23.78 0.37 2.28 2.37
9.83 11.59 1.40 2.21 0.44
16.90 18.66 1.21 1.90 0.92
27.36 27.27 0.89 2.80 0.26
5.11 11.53 0.52 2.24 0.05
10.23 2.56 2.97 0.22 0.91
7.01 3.18 1.42 1.69 2.70
18.55 4.18 1.86 1.60 0.49
21.90 2.40 0.67 2.76 1.59
11.22 24.56 1.28 1.42 2.48
10.67 2.88 1.32 0.55 2.80
6.36 7.54 0.52 1.98 0.67
11.51 4.40 3.00 1.43 1.49
20.36 14.67 0.41 1.37 0.25
16.29 6.69 0.78 1.42 0.02
24.26 11.81 2.49 1.13 2.66
11.67 29.77 0.86 0.59 1.87
27.88 12.87 0.85 2.12 0.72
17.33 14.77 2.68 1.87 1.97
17.05 16.21 1.19 2.85 0.06
13.17 10.37 2.20 1.42 2.07
18.95 13.51 2.25 0.87 1.21
11.70 23.23 1.52 0.15 0.64
26.43 24.81 1.06 0.78 2.65
29.78 20.55 2.39 0.06 2.05
13.28 24.78 2.00 2.68 0.89
16.23 13.66 2.60 2.94 2.67
21.63 20.81 0.75 0.31 0.06
12.99 5.92 1.25 1.74 2.27
16.72 13.57 2.25 1.06 1.35
16.97 9.89 2.49 2.17 2.69
9.90 11.33 0.05 2.58 2.60
11.95 29.41 1.87 0.99 0.24
23.16 15.24 0.85 1.66 1.26
14.05 7.18 1.79 1.11 2.42
26.80 22.61 1.56 0.52 0.11
3.59 14.08 2.18 2.18 0.80
18.30 13.52 2.31 2.50 1.60
20.13 13.06 0.49 1.39 2.64
13.44 10.28 0.04 0.75 0.85
10.21 2.51 2.18 0.31 0.12
25.70 28.34 0.94 0.09 2.89
0.71 28.05 2.41 2.82 1.86
7.77 1.20 2.56 0.50 1.54
7.13 18.63 1.25 0.11 1.93
18.86 4.83 2.70 1.28 2.91
15.01 18.85 0.69 0.90 1.89
21.20 6.94 0.93 1.09 0.07
1.25 2.13 2.15 2.43 0.55
17.89 21.10 2.34 2.96 1.27
21.78 28.83 1.38 0.96 0.11
3.16 19.70 1.60 1.07 1.27
3.63 23.94 2.70 0.08 0.74
20.38 11.69 1.45 1.49 1.60
21.25 21.17 2.31 0.92 1.10
2.76 7.33 2.47 0.30 2.25
0.77 14.45 1.47 2.74 0.18
22.60 13.62 2.29 1.51 0.46
1.18 12.45 1.10 2.74 0.92
22.86 2.07 2.51 1.88 2.19
29.32 26.36 1.25 0.81 0.31
13.41 0.22 1.60 1.37 0.71
12.51 16.22 1.10 0.71 1.45
13.36 15.71 1.30 0.51 0.99
6.68 26.69 0.99 1.55 1.62
19.36 13.27 1.84 0.80 2.14
12.70 9.01 0.96 2.27 1.04
2.77 0.57 1.82 0.63 1.91
18.46 4.36 1.74 1.74 2.19
27.10 21.42 2.09 1.47 2.96
14.62 10.92 0.46 2.47 0.62
23.81 16.10 1.94 0.45 0.79
8.34 1.19 1.90 0.94 0.92
6.46 8.59 0.78 1.68 0.42
15.03 14.23 2.71 2.85 2.93
1.68 7.62 1.74 1.05 2.88
0.61 10.69 1.90 0.26 2.22
5.83 15.80 0.85 1.62 0.03
1.39 4.39 1.36 0.84 0.40
22.34 29.81 2.96 1.39 2.52
24.15 12.34 2.10 1.31 2.35
16.55 19.83 1.11 2.62 0.68
6.28 20.30 2.79 0.19 2.80
12.76 0.98 1.45 2.80 0.49
8.97 1.43 1.07 1.90 1.15
20.73 12.55 1.95 0.07 2.96
4.18 18.81 2.89 0.30 1.97
8.46 26.27 1.98 1.73 2.78
28.90 6.69 2.63 1.58 2.18
9.85 10.31 0.93 1.95 1.38
13.43 29.76 2.52 0.01 0.02
24.78 10.01 2.40 2.59 0.54
20.80 8.00 1.52 0.30 2.72
4.05 20.26 2.83 0.15 1.99
20.96 22.41 2.18 2.56 2.63
25.84 0.50 2.31 0.60 2.07
0.15 27.96 2.92 2.04 0.86
24.01 24.28 2.34 0.89 0.74
7.86 13.14 1.61 1.40 0.36
2.02 3.90 0.26 1.73 1.30
25.88 13.35 1.92 2.92 0.36
26.65 11.68 1.59 1.13 0.66
17.85 23.61 0.14 0.98 1.02
3.80 4.00 0.65 0.88 2.41
22.28 7.58 2.67 2.79 2.46
26.27 13.63 1.47 1.50 1.64
15.95 22.28 2.06 1.26 0.24
19.84 28.32 1.53 1.02 1.27
22.65 10.33 2.73 1.16 2.28
4.36 27.38 2.41 2.49 1.46
14.84 14.53 0.63 0.17 2.68
16.50 14.28 0.47 1.17 2.96
6.46 8.64 2.16 0.22 2.17
19.99 21.96 0.50 2.23 2.78
16.68 28.20 2.11 0.99 1.19
22.27 10.17 0.21 1.42 0.51
1.68 15.99 1.74 2.31 0.52
30.00 26.46 0.71 2.52 2.46
20.19 13.68 0.10 0.15 0.85
19.03 28.61 0.34 1.89 0.06
11.07 12.12 2.37 0.51 1.51
0.91 4.08 2.37 1.68 2.62
17.35 8.24 1.39 2.43 2.82
13.87 19.82 1.93 2.14 0.90
15.39 8.89 2.65 0.16 1.72
26.69 11.10 1.47 0.83 1.72
29.32 9.97 0.94 2.66 2.46
7.48 15.30 2.76 1.52 2.72
1.44 22.22 2.47 2.29 1.33
18.40 9.59 0.08 0.48 2.93
16.04 2.65 0.41 1.03 2.77
17.80 19.03 1.74 1.30 2.81
0.05 10.81 2.68 2.36 0.41
9.26 28.23 2.20 2.26 1.11
12.16 1.34 1.41 0.06 2.22
28.14 1.25 1.60 0.59 1.80
25.83 15.09 1.14 2.96 2.64
9.79 11.38 2.49 1.01 0.05
15.15 20.05 0.36 0.24 2.10
3.51 10.64 0.04 2.89 0.74
9.98 18.40 1.51 1.34 2.44
9.55 13.21 2.15 2.08 0.35
21.83 22.59 0.75 1.09 1.34
4.33 6.52 0.30 0.19 2.32
15.34 8.64 0.75 0.86 0.85
10.15 3.13 0.65 2.80 2.61
22.44 8.04 0.16 0.75 2.17
22.83 3.68 1.46 2.13 1.16
7.65 7.13 0.08 1.80 0.71
8.95 5.29 2.43 1.15 1.95
9.95 25.58 1.27 2.97 0.66
14.38 2.67 0.33 1.46 0.60
14.32 23.05 1.36 0.21 0.29
5.64 12.25 1.46 1.19 0.75
13.26 4.52 1.47 2.88 1.79
27.55 18.51 2.45 0.22 0.74
15.90 29.81 2.66 1.33 1.37
6.56 15.31 2.68 0.03 0.16
25.70 0.58 1.25 1.74 1.82
22.11 28.01 1.81 0.94 0.72
27.82 27.23 1.54 2.05 0.28
11.37 25.39 1.53 2.78 2.23
5.24 12.59 1.23 0.38 1.09
27.45 12.17 0.19 0.58 0.87
26.64 19.25 0.49 2.10 1.51
15.94 7.63 0.95 2.09 1.20
22.52 3.97 2.54 1.56 0.06
30.00 22.20 0.70 0.66 2.60
14.76 13.01 2.19 1.54 2.40
2.44 16.21 1.96 2.95 2.96
1.26 0.84 0.72 0.20 1.42
20.55 12.13 1.65 0.18 1.88
28.15 1.72 1.38 0.47 0.66
7.65 12.58 2.84 2.07 0.01
28.79 19.78 1.95 1.11 1.85
14.23 11.13 0.79 3.00 0.19
17.53 16.18 1.52 2.77 1.50
2.25 20.43 1.33 0.87 0.80
15.91 20.47 0.84 2.62 1.80
15.34 17.41 2.25 2.24 0.96
0.23 9.13 2.64 0.12 1.91
21.34 26.12 0.54 2.33 2.49
29.28 26.53 1.08 0.98 0.88
26.73 9.90 0.30 2.13 0.47
4.09 24.21 2.63 1.04 2.11
9.23 23.85 1.76 1.24 1.60
11.36 25.85 0.53 1.67 0.49
29.42 10.26 2.97 0.20 1.12
14.77 10.68 2.50 2.80 1.04
17.08 4.37 1.78 0.57 1.36
18.67 26.11 0.05 1.54 2.91
29.09 2.10 0.03 1.39 1.47
23.72 9.62 0.98 1.54 1.52
16.44 6.04 1.45 1.44 0.16
29.02 14.60 2.53 2.82 1.88
2.25 13.92 1.48 1.22 0.86
17.94 28.40 1.52 0.40 0.97
10.21 18.17 0.56 2.82 1.16
24.54 2.19 2.80 0.33 0.46
28.23 22.86 1.32 2.08 2.86
13.09 16.83 1.85 2.89 2.61
29.22 9.07 1.28 0.62 2.56
17.14 2.91 2.17 0.49 2.76
22.16 17.71 2.79 0.29 2.21
0.60 14.21 1.93 2.26 2.51
23.47 25.40 2.66 0.83 0.60
8.89 27.05 1.94 2.17 2.62
24.38 15.15 0.52 2.67 1.02
25.27 7.25 1.70 0.79 0.49
29.21 24.34 1.01 2.26 2.21
10.45 6.98 2.91 2.32 2.54
24.24 26.34 1.43 1.31 2.81
15.33 18.79 0.58 2.81 2.28
13.68 11.05 1.45 0.18 0.10
14.30 0.73 2.79 2.13 0.80
0.30 6.65 2.43 2.50 0.82
18.35 21.67 0.06 2.22 2.18
28.12 7.05 1.05 1.33 1.09
1.33 2.18 1.64 0.16 0.04
7.19 29.10 1.69 1.81 2.27
3.61 21.96 1.45 1.34 1.38
14.45 27.81 1.22 2.07 0.29
22.37 14.57 0.72 0.41 1.70
29.04 1.79 1.81 2.09 2.04
27.19 11.93 2.17 1.90 2.12
27.52 13.45 2.63 2.52 0.28
22.40 1.44 2.65 0.14 2.72
15.60 17.02 0.17 1.66 2.94
22.45 9.84 0.32 2.33 0.66
26.14 12.53 2.55 0.60 2.78
8.33 4.34 2.87 1.61 0.52
17.38 6.29 1.64 0.53 1.64
3.76 27.86 1.68 1.49 2.63
9.11 18.39 0.58 1.96 1.36
4.97 3.23 0.29 2.31 1.54
13.18 13.10 0.57 2.50 2.95
20.50 8.22 0.41 0.40 0.21
22.00 25.03 2.09 2.78 1.20
22.88 9.32 2.65 1.51 2.19
19.39 24.02 2.88 0.18 2.96
13.37 4.38 0.11 0.52 1.58
1.39 8.96 0.07 0.07 1.94
6.97 18.93 0.84 1.00 2.84
6.91 5.29 0.69 0.35 0.15
11.17 13.56 0.03 1.70 0.26
19.49 25.41 2.75 0.85 1.91
8.40 17.06 1.16 1.92 1.54
18.37 12.62 1.43 1.64 2.92
9.34 3.29 2.26 2.84 0.55
21.65 24.10 0.91 0.16 1.99
25.34 3.09 0.48 2.15 1.79
29.43 7.22 2.10 1.85 1.35
6.13 14.28 2.43 2.94 1.10
22.55 8.41 0.52 0.35 2.45
17.80 1.95 2.03 1.90 1.99
17.56 27.52 1.50 1.09 1.78
4.62 22.80 0.43 2.20 0.24
20.35 8.48 2.41 0.90 2.83
18.87 26.51 2.29 1.13 2.17
4.09 5.45 1.14 2.45 0.67
12.53 1.15 1.23 1.95 2.36
2.63 18.14 1.00 1.36 0.74
16.01 1.70 1.03 2.51 1.29
24.07 16.57 3.00 2.98 0.84
2.20 27.96 0.38 0.08 2.84
12.73 26.72 0.42 2.69 0.05
7.62 6.99 1.26 1.05 1.09
22.35 28.14 1.94 0.74 0.88
16.21 29.49 0.23 0.47 0.35
16.63 4.10 2.15 2.77 0.60
18.70 7.20 2.04 1.96 2.10
28.61 27.93 2.23 2.63 2.90
23.45 27.76 1.25 2.60 1.91
27.45 19.17 2.06 0.56 1.77
25.04 8.20 0.62 1.07 1.44
20.08 23.37 2.59 2.26 2.77
25.69 27.05 1.89 0.88 1.28
4.56 29.14 0.18 1.61 1.45
16.96 19.02 2.15 0.23 2.68
12.04 18.22 2.16 2.72 1.25
15.59 17.27 2.39 0.76 1.06
29.11 15.42 0.96 0.02 2.15
26.85 22.47 0.00 2.91 1.51
21.19 3.39 2.13 0.59 0.15
25.75 4.41 0.82 2.28 2.80
26.18 29.95 2.11 1.38 0.69
9.86 1.56 1.79 1.78 0.40
25.04 29.21 0.48 0.23 1.89
21.05 16.50 0.26 0.04 0.74
1.18 26.16 1.07 0.09 2.13
10.36 19.08 1.98 2.11 1.03
15.31 5.10 0.38 1.85 2.39
17.40 26.82 0.42 1.93 2.30
9.04 15.40 0.02 0.89 1.50
12.07 3.68 2.63 1.41 1.68
14.33 3.42 0.36 1.88 2.79
13.08 28.59 0.03 2.69 0.02
14.26 9.46 1.49 2.81 2.18
10.41 19.36 2.91 0.08 2.89
10.58 17.38 1.14 0.83 1.67
22.54 27.74 0.68 2.42 2.57
13.18 0.49 2.41 1.68 2.34
5.71 13.62 0.95 0.10 1.73
8.39 9.15 0.68 2.63 2.93
29.91 21.08 0.71 0.42 2.71
26.77 16.16 0.65 0.23 2.98
11.33 12.21 1.13 1.27 2.16
10.89 28.32 2.30 0.40 1.74
22.08 7.13 2.91 1.94 0.61
18.07 10.34 2.93 2.60 0.63
19.91 21.52 1.96 1.53 2.96
4.21 4.84 0.63 0.84 0.59
13.25 15.58 1.59 1.97 2.42
10.76 29.31 0.93 1.91 1.60
3.67 25.70 0.96 2.26 3.00
9.62 11.51 2.36 2.70 1.30
12.19 21.99 0.43 2.73 2.13
9.59 16.74 2.93 2.74 1.51
17.56 28.60 1.89 2.14 2.47
18.72 28.80 1.98 0.57 0.00
12.44 28.83 0.40 0.12 0.96
12.33 29.49 1.85 0.92 2.98
12.95 8.63 2.16 1.12 0.96
20.29 27.06 0.13 0.91 0.50
24.41 6.05 0.86 2.58 2.04
0.13 14.31 1.05 0.80 0.11
11.23 24.65 0.07 1.69 0.24
23.50 3.50 2.47 2.89 1.99
16.54 21.54 2.17 2.82 1.59
25.84 8.22 2.72 1.26 0.65
25.78 28.26 0.10 1.13 1.06
23.82 2.84 2.53 2.01 0.83
21.99 16.40 2.94 0.77 2.98
0.67 22.92 1.65 0.80 0.39
25.94 4.20 2.41 1.50 2.05
1.24 18.21 2.99 0.22 2.55
17.10 0.59 1.37 1.33 1.19
19.26 4.73 2.49 1.53 1.53
18.75 10.95 0.80 0.62 0.14
21.33 1.34 2.01 2.43 1.48
2.83 0.22 0.67 1.86 2.77
13.25 20.48 1.92 1.72 2.34
21.90 2.82 2.50 0.46 2.33
21.63 5.84 0.78 0.80 2.88
23.19 1.64 0.11 0.13 0.82
2.24 12.16 0.97 1.46 1.09
21.88 19.44 1.87 0.30 2.25
27.37 4.27 0.29 2.02 1.30
12.77 9.47 2.66 2.74 0.00
15.63 15.93 0.16 1.77 1.12
15.63 5.76 1.76 1.54 0.91
22.63 4.08 2.33 0.94 2.61
19.44 29.55 0.86 0.93 0.87
17.67 28.10 0.21 1.84 1.44
22.74 16.95 1.31 2.33 0.79
26.20 2.41 0.01 1.75 2.19
15.39 17.00 0.86 1.96 0.28
26.49 0.66 0.15 1.52 0.16
7.09 25.00 1.14 2.88 0.71
7.06 4.98 1.27 0.14 0.18
24.14 23.55 2.69 2.61 1.09
0.71 8.03 1.73 2.64 2.44
10.64 20.16 2.48 1.93 1.73
23.48 1.85 1.64 0.67 2.93
19.70 12.24 0.88 2.52 1.55
23.46 13.90 2.72 0.55 2.06
29.50 9.31 2.12 1.72 0.86
20.35 2.91 0.37 2.26 0.76
8.94 22.74 2.60 2.47 1.83
12.41 13.47 0.16 0.50 1.34
21.01 4.74 2.35 1.88 2.38
24.57 28.63 2.45 2.06 1.48
29.31 28.07 2.36 0.77 1.20
5.90 3.67 1.50 2.25 0.85
25.37 14.21 2.95 0.60 1.28
15.98 8.89 1.15 2.63 1.71
24.00 19.12 0.82 2.18 0.89
18.03 29.70 1.16 1.79 2.85
6.67 7.55 0.65 2.37 0.26
27.69 22.96 1.87 1.49 0.01
13.86 18.40 2.12 1.79 2.48
4.31 29.71 2.95 2.20 1.76
24.72 16.59 0.14 1.35 2.63
9.27 1.88 0.91 2.72 1.09
9.49 9.57 2.93 2.58 1.48
13.03 2.75 2.56 1.85 0.29
13.49 27.32 2.61 2.83 1.08
8.10 19.00 1.50 0.28 2.29
1.42 14.32 1.63 1.11 0.73
20.67 5.17 0.64 0.18 1.45
29.74 17.46 1.39 1.54 1.00
29.36 18.01 1.79 0.53 2.73
1.87 18.38 1.88 1.28 1.72
6.43 6.31 2.66 0.27 1.06
12.37 25.93 1.93 2.93 1.42
15.45 4.38 2.04 0.52 2.47
24.71 9.40 0.15 0.94 0.93
1.81 12.23 2.80 2.51 2.05
0.51 10.83 0.97 1.09 2.91
27.95 18.81 0.33 1.64 2.19
15.38 26.02 0.57 1.60 0.52
28.61 27.14 2.22 1.09 0.03
4.41 14.25 1.26 2.23 2.81
10.76 3.37 0.08 1.40 0.75
10.31 28.58 1.31 1.19 2.50
11.11 15.38 0.37 1.53 1.63
8.08 26.13 0.29 1.82 1.97
25.30 27.65 2.54 1.32 2.80
1.85 1.32 1.81 1.26 1.27
10.37 3.57 1.90 1.89 0.19
0.57 28.51 2.72 1.28 1.76
9.18 21.59 0.79 2.25 0.13
15.09 14.70 0.88 1.55 1.46
26.32 29.66 1.00 2.96 1.49
2.73 4.96 2.56 1.74 1.41
11.10 0.82 2.44 0.65 0.24
12.95 8.09 0.40 2.21 1.33
29.69 27.80 2.44 2.76 2.11
11.57 1.83 0.11 0.25 2.27
1.34 9.92 2.75 0.55 0.78
21.84 4.78 2.02 1.67 2.78
20.42 15.26 0.52 0.44 0.25
7.49 26.96 0.60 1.38 0.23
1.55 5.50 2.44 2.21 1.35
6.62 10.70 1.23 0.13 0.43
28.13 4.15 2.01 1.47 0.40
15.60 12.82 2.37 0.23 0.92
4.67 23.12 2.00 2.94 0.08
10.84 13.37 2.01 0.46 1.26
19.12 22.81 1.54 0.64 0.97
4.38 29.61 2.46 0.46 1.48
17.43 0.71 1.71 1.56 2.49
4.93 24.03 1.77 1.96 2.45
13.71 6.52 2.11 2.14 2.76
27.57 5.73 1.94 0.02 1.85
3.34 28.76 1.48 0.65 2.69
3.09 12.67 1.98 1.17 2.29
18.67 20.54 2.28 1.68 1.85
4.81 17.17 1.39 1.75 1.03
5.56 7.02 0.54 2.07 2.58
0.68 3.85 2.47 1.79 2.01
12.55 4.03 0.98 2.64 1.25
12.79 11.29 1.34 0.86 0.91
2.42 6.14 2.35 0.44 0.31
16.14 13.42 0.60 2.50 0.68
28.74 26.78 0.75 1.10 2.94
4.84 0.57 2.36 1.80 1.86
19.47 8.77 0.76 1.96 0.45
4.54 1.80 1.32 0.55 2.97
17.18 21.07 2.82 2.36 1.85
17.62 24.51 1.93 2.01 2.87
29.91 0.73 2.16 0.10 1.50
20.68 23.58 0.03 1.28 1.65
10.98 29.40 1.58 2.02 2.94
29.75 10.34 2.23 2.13 0.99
8.90 24.70 1.36 2.78 1.66
7.38 13.47 2.12 0.86 0.69
25.64 20.18 1.93 0.28 0.24
28.10 1.12 0.61 0.56 2.52
4.56 7.20 2.31 1.43 2.04
13.94 29.24 2.01 1.63 2.11
27.57 18.77 1.72 2.02 0.94
17.99 24.70 2.03 1.66 2.11
14.00 18.01 0.30 1.27 0.41
2.08 16.92 2.23 0.60 0.10
0.88 9.19 2.42 2.03 0.06
29.56 9.88 0.03 0.83 0.20
0.59 11.29 1.52 0.84 0.02
19.61 26.38 2.87 2.13 0.88
2.99 3.31 2.65 2.03 1.79
16.87 10.68 0.99 0.19 0.93
8.15 11.86 1.83 1.40 0.27
3.15 1.77 1.79 2.48 0.99
6.31 9.31 1.18 1.06 1.17
4.20 12.27 1.53 2.77 1.16
29.99 6.46 2.65 1.48 0.53
8.24 8.30 2.00 1.66 0.39
3.66 13.32 0.36 1.24 2.84
18.74 9.46 2.73 0.95 2.12
20.21 12.96 1.97 0.90 0.49
12.14 6.09 2.80 1.45 1.60
5.86 29.24 2.33 1.06 0.29
28.30 8.10 1.76 1.54 0.28
6.80 28.22 2.87 1.85 1.71
19.53 22.51 1.35 2.81 1.68
5.20 22.23 1.91 2.71 1.38
1.75 17.35 0.50 2.31 2.29
2.07 12.09 0.63 2.33 1.35
27.62 10.48 1.98 2.42 1.56
14.04 29.88 2.63 2.24 2.39
0.27 19.55 0.39 1.49 1.11
29.46 27.25 1.32 0.68 2.87
24.47 14.32 0.65 2.74 2.26
6.64 28.72 1.03 0.46 2.80
10.94 13.93 0.06 2.47 1.60
5.10 10.32 0.74 0.35 0.55
20.37 16.86 0.32 2.92 1.49
29.28 11.14 1.49 0.17 2.74
19.04 6.79 1.01 1.82 1.90
19.57 3.06 2.52 0.53 1.53
26.31 6.43 1.35 0.79 0.81
23.43 13.30 2.92 1.72 2.50
5.17 25.43 1.19 2.29 1.87
10.43 25.97 2.21 2.28 1.39
27.26 14.37 0.86 0.88 2.35
2.86 18.30 1.87 2.88 2.21
20.05 4.60 1.36 1.93 2.82
27.17 12.01 0.91 2.43 0.13
13.99 5.13 0.26 0.02 2.08
29.42 23.36 1.95 2.76 0.20
2.05 22.05 1.34 0.63 1.73
25.38 25.70 2.26 2.83 1.47
16.20 24.27 1.57 1.81 1.63
22.63 5.43 1.65 0.43 2.50
26.87 24.69 0.86 2.47 1.58
6.25 24.07 2.13 0.15 0.22
12.73 8.09 2.19 0.75 2.41
8.98 11.02 2.91 2.08 1.06
14.94 23.44 0.14 1.14 1.78
11.54 19.02 0.85 2.67 1.41
15.47 5.57 2.03 2.47 0.70
26.85 0.56 1.87 0.47 0.57
25.62 15.62 2.21 1.18 1.26
3.71 24.01 0.82 0.89 2.14
4.71 16.04 0.65 2.33 2.05
2.07 5.20 0.60 2.05 2.59
3.33 1.22 1.61 2.95 1.45
21.90 9.63 1.65 2.69 0.97
17.71 11.73 1.37 2.80 2.98
26.27 25.92 1.26 0.84 1.04
9.09 1.36 2.72 2.46 2.25
26.70 2.88 2.69 0.02 0.88
15.54 13.38 2.84 2.68 2.34
10.41 11.15 2.91 0.40 2.68
3.21 8.61 2.99 2.00 0.31
1.27 5.41 0.00 1.20 2.53
28.50 4.48 2.90 2.57 0.03
18.97 5.87 0.79 2.71 2.08
12.11 27.23 2.11 1.04 0.75
26.45 1.57 0.82 2.94 1.92
9.51 25.59 0.99 1.67 1.58
20.36 20.43 1.74 2.40 1.78
10.13 28.64 2.27 2.65 1.64
12.08 12.10 0.56 1.77 0.46
3.84 0.75 1.26 2.09 0.74
17.42 23.83 2.56 0.99 1.72
5.57 25.63 2.69 1.85 0.41
15.97 15.55 1.68 2.11 1.82
27.60 3.12 2.08 2.67 0.75
15.82 6.53 2.51 0.24 0.67
14.82 12.69 2.84 1.29 2.42
18.36 9.34 2.44 1.74 1.87
24.99 20.08 0.17 1.08 1.16
18.32 3.03 2.28 1.75 1.34
28.67 17.56 1.65 2.02 1.86
19.60 16.74 1.00 2.89 0.49
14.19 1.61 2.10 0.04 0.13
17.45 4.71 0.42 1.65 0.39
13.94 0.39 1.04 0.50 0.12
13.23 12.37 2.16 2.18 0.26
23.92 26.80 0.15 1.73 1.56
2.34 15.24 1.35 2.91 0.22
3.37 17.59 1.57 0.70 2.89
10.78 2.96 0.97 0.87 1.53
19.10 3.12 2.04 1.52 2.50
3.05 12.33 1.40 2.70 2.08
8.21 6.46 0.93 2.79 0.13
27.70 3.42 1.59 2.83 0.30
25.11 14.64 2.34 0.74 0.41
1.02 23.78 2.01 1.11 1.60
14.82 28.90 2.72 2.78 2.33
18.21 11.40 0.28 1.26 0.12
5.94 12.99 1.43 1.98 0.31
17.59 29.65 1.53 3.00 0.45
10.91 14.79 1.38 2.41 1.96
29.14 23.85 2.54 0.04 2.61
4.89 20.03 1.69 0.83 2.54
8.96 4.65 0.09 0.74 2.58
20.50 28.17 1.92 1.58 0.07
16.80 29.42 2.29 1.92 2.47
16.28 12.08 2.56 2.13 1.10
20.28 13.72 0.36 1.63 0.05
21.78 19.76 1.75 0.11 1.77
24.74 0.59 2.65 2.17 0.62
25.15 3.31 1.30 2.92 1.03
10.38 20.12 2.44 2.46 1.17
21.80 24.86 1.28 1.30 0.81
27.59 29.76 0.70 2.28 2.30
3.30 18.37 0.28 0.61 2.62
14.56 7.91 2.86 1.28 0.94
29.64 10.53 2.65 0.79 0.61
13.33 12.58 1.70 2.78 2.48
15.44 14.70 2.44 2.07 1.60
13.02 7.58 0.31 2.21 2.87
29.00 18.04 1.73 0.45 2.98
3.01 23.34 1.59 2.57 1.07
27.86 8.45 1.83 0.47 0.40
16.95 25.76 0.61 2.49 1.32
21.16 28.15 2.48 1.02 1.37
10.33 12.38 0.51 1.50 0.89
20.92 12.10 0.61 1.30 2.41
2.72 4.58 2.34 2.41 1.57
1.17 6.15 0.30 0.79 1.01
10.07 23.98 1.74 0.83 2.83
27.39 6.67 0.16 1.40 2.39
28.96 14.68 2.23 1.03 2.42
16.03 1.79 0.69 0.06 1.36
28.90 27.75 0.40 0.57 0.47
3.48 18.68 0.51 2.12 1.27
9.62 23.64 1.25 0.86 2.09
24.80 23.12 1.75 1.61 1.04
15.26 27.18 0.66 2.15 1.27
4.98 6.53 2.37 0.45 1.43
17.26 19.52 2.72 2.05 1.54
26.53 28.70 2.87 0.60 0.78
19.39 3.81 0.35 2.00 2.00
24.10 14.21 0.62 1.39 1.19
14.33 2.15 2.23 2.82 2.66
22.72 9.70 2.44 2.45 0.36
9.16 4.22 0.84 1.09 0.92
29.29 8.61 2.38 1.32 2.88
11.15 26.63 2.26 0.76 2.41
0.43 17.74 0.37 0.53 2.16
3.04 21.62 1.34 2.92 1.85
9.17 2.21 2.92 0.11 1.49
25.89 13.14 0.09 0.90 0.59
21.33 20.82 0.02 1.68 0.14
0.35 18.29 1.82 2.34 0.27
7.89 23.60 0.16 2.81 1.59
13.24 6.13 0.99 1.11 0.12
5.36 24.96 1.89 2.92 1.31
18.51 13.20 1.92 0.60 0.90
23.34 27.77 2.88 0.34 2.19
12.80 22.94 0.93 0.32 1.45
6.73 14.64 2.42 2.97 1.29
12.16 11.50 2.58 2.33 0.53
9.67 21.82 0.10 1.06 1.35
24.22 6.90 0.06 2.04 1.22
2.47 20.24 0.93 1.80 0.37
29.00 25.57 1.80 1.47 0.80
28.20 8.62 1.03 2.64 1.70
29.83 0.11 2.34 1.51 2.50
17.21 27.46 2.72 2.55 2.96
10.53 10.80 0.86 2.31 1.20
12.30 14.12 2.03 1.69 2.44
2.16 23.00 2.55 2.64 0.13
8.91 20.83 1.75 2.36 0.52
15.15 11.17 1.57 0.77 1.16
11.01 3.79 1.15 1.40 2.23
13.03 24.04 2.77 0.72 2.93
15.76 12.19 0.63 0.63 0.13
10.54 11.97 2.02 2.34 0.16
20.78 6.50 1.47 0.60 1.84
25.52 26.65 1.16 2.17 1.85
11.86 11.83 1.97 0.59 1.28
13.81 22.62 0.05 2.33 0.64
3.16 21.81 0.21 1.42 2.40
22.12 1.77 0.92 2.27 1.18
8.35 4.30 2.30 0.04 1.41
25.91 15.64 0.66 0.53 1.16
14.01 19.29 2.75 0.73 2.29
10.38 0.10 2.72 2.30 1.15
29.52 11.13 1.17 0.27 0.34
26.88 3.22 0.77 0.68 1.48
12.31 29.50 1.12 1.79 1.39
29.13 9.84 0.89 2.61 0.24
5.92 9.59 0.07 2.97 2.74
22.94 17.23 2.51 2.26 1.17
4.69 11.85 2.18 0.54 0.73
17.13 9.08 0.13 0.91 2.81
26.69 25.83 1.05 2.00 2.91
2.66 15.00 2.16 2.08 1.88
11.37 26.85 2.32 1.66 2.33
18.57 16.04 0.61 1.56 0.80
29.05 10.62 1.14 0.13 1.88
14.24 18.16 0.59 0.13 1.02
13.74 1.88 2.47 2.60 1.81
18.10 11.82 2.60 2.70 2.96
6.73 23.17 0.01 1.09 1.86
6.15 4.12 0.52 2.46 1.99
4.16 10.42 1.17 0.37 0.05
7.38 27.68 1.85 0.57 2.60
21.60 0.26 1.18 1.87 0.12
28.96 19.68 2.12 1.13 1.67
19.86 6.25 1.63 0.76 1.29
7.09 3.16 2.33 0.81 2.32
20.36 16.84 1.18 0.38 0.88
0.60 2.36 2.15 2.59 0.75
2.17 28.10 0.01 0.51 2.94
28.41 24.76 2.90 0.75 0.49
25.73 13.83 1.17 1.72 0.72
26.34 14.10 1.68 0.14 0.68
19.92 12.90 0.60 2.49 1.74
0.78 6.80 1.77 2.24 1.90
20.87 23.36 2.85 1.55 1.31
29.80 12.43 2.91 2.43 1.80
25.22 12.86 0.45 2.63 1.85
14.84 18.94 2.11 2.19 1.04
17.21 19.68 1.91 0.98 2.61
23.49 15.81 2.89 0.82 0.74
26.63 18.59 2.39 0.47 0.68
13.62 27.07 1.51 2.87 2.12
15.00 18.16 2.54 0.25 1.39
8.27 24.95 1.13 1.09 2.46
29.16 9.85 0.56 0.25 0.38
2.10 16.93 2.93 2.16 1.61
23.89 18.96 2.72 1.57 0.86
8.17 14.99 1.20 1.93 0.62
4.71 17.14 2.21 1.68 2.85
9.85 23.95 2.26 0.11 1.34
16.28 13.45 0.55 2.40 1.01
0.70 5.17 1.01 0.02 1.60
15.62 14.59 1.19 1.65 2.42
29.34 10.45 1.85 2.19 1.64
2.51 4.07 0.14 2.04 1.34
5.50 2.45 1.86 1.21 1.93
12.22 2.42 0.03 0.76 0.30
14.92 27.84 0.03 1.53 2.63
25.84 27.57 0.61 2.26 0.46
12.36 0.85 0.70 1.84 0.95
3.30 11.86 2.02 1.20 0.12
24.67 19.66 0.67 2.06 1.57
26.08 24.87 2.89 2.07 2.16
6.42 23.52 2.71 0.81 0.19
24.26 4.08 1.61 1.84 1.40
7.68 11.61 1.55 0.51 2.46
26.26 26.59 1.95 1.10 0.59
12.02 16.96 0.88 2.84 1.96
0.32 25.49 2.90 0.69 2.05
0.62 19.01 0.29 2.87 2.59
25.53 7.01 1.72 2.28 0.95
1.84 0.26 0.09 1.95 2.46
28.73 3.91 1.30 0.00 0.88
10.21 1.69 2.72 2.98 0.34
17.88 28.27 2.45 1.98 0.67
24.01 15.77 0.35 0.80 1.39
5.85 14.97 0.37 1.74 0.80
17.42 18.68 0.60 1.06 1.38
12.53 3.34 0.55 2.85 2.54
16.83 5.63 0.39 1.59 2.44
3.72 5.32 2.48 1.60 1.70
5.25 28.62 2.08 1.95 0.17
15.61 1.86 0.79 0.52 0.60
26.36 13.04 2.02 1.88 0.29
25.22 19.75 1.06 2.42 0.79
10.77 27.69 0.46 2.66 1.77
8.60 20.55 2.15 1.72 2.93
21.57 19.65 0.16 0.15 0.28
20.95 0.50 2.16 0.71 0.65
22.38 9.63 0.32 0.04 1.02
3.98 1.59 0.22 1.04 1.26
29.61 24.66 2.41 1.23 2.63
6.19 7.79 2.40 0.71 1.10
7.33 9.26 0.54 0.85 1.15
12.56 12.86 0.39 1.84 2.74
10.50 3.91 0.01 0.07 2.43
2.78 23.55 2.88 1.93 1.74
23.12 7.80 0.49 2.28 2.10
26.82 26.47 0.40 0.57 1.58
23.63 23.77 0.45 0.68 0.55
29.13 8.21 2.38 2.86 0.44
21.52 29.31 0.93 0.51 2.59
7.41 12.31 0.44 2.86 2.59
4.01 13.19 0.94 1.06 0.41
3.77 16.64 1.66 2.17 2.93
22.60 24.59 1.89 0.96 0.78
2.82 29.43 2.61 1.18 0.49
1.10 15.79 1.55 2.52 1.59
12.77 27.26 1.85 1.93 1.77
28.12 12.08 1.66 2.26 2.56
28.76 15.19 2.16 1.60 0.97
29.92 5.63 0.22 1.58 0.18
3.15 18.04 2.61 1.09 0.50
7.51 16.45 2.37 2.45 1.18
14.33 29.97 1.93 0.43 0.62
3.74 28.58 2.74 1.11 1.44
9.13 12.34 0.86 1.63 0.68
7.66 24.33 1.60 2.76 0.14
26.25 28.50 0.70 0.13 0.79
13.66 2.60 2.97 0.33 1.08
17.66 22.65 0.84 2.06 0.21
3.45 2.11 1.21 2.34 0.70
20.67 7.62 0.83 1.49 0.02
23.62 1.33 2.93 2.47 2.96
20.24 17.93 1.25 0.09 1.18
3.78 2.88 0.99 2.03 0.06
21.80 27.55 1.31 2.35 2.43
17.85 1.09 0.20 1.00 0.77
1.44 9.40 1.85 0.58 2.46
9.30 13.13 1.24 2.40 1.83
1.90 3.52 2.00 2.78 1.52
26.04 29.14 2.15 0.42 2.43
17.31 26.98 0.54 2.37 2.27
25.28 9.21 2.16 0.43 0.65
14.44 27.75 2.45 2.53 2.93
10.68 27.85 1.41 1.26 0.81
11.94 7.68 1.45 2.25 0.69
17.53 26.17 2.60 1.18 2.26
19.35 11.43 0.40 0.32 1.76
29.26 0.49 0.34 0.54 1.26
3.52 11.84 1.43 1.85 0.84
4.39 10.33 1.11 0.59 0.26
6.90 14.43 0.15 1.26 0.94
24.37 0.92 1.54 2.29 1.51
10.81 9.81 0.70 0.68 2.64
12.40 12.39 1.44 2.17 1.41
25.16 20.11 0.85 0.36 0.06
21.19 22.10 0.54 2.36 0.58
18.15 5.60 1.72 0.48 2.90
8.01 4.39 1.01 2.10 0.59
1.97 13.01 1.94 1.97 0.81
3.01 9.20 1.23 1.66 2.48
8.38 27.84 1.92 2.49 0.83
0.10 15.03 1.02 1.29 2.84
24.22 18.55 1.10 0.66 2.41
19.18 9.75 1.39 0.74 0.51
7.18 26.52 0.91 0.08 2.95
1.14 7.87 2.80 0.74 0.42
4.58 16.67 2.66 2.13 1.11
19.45 10.04 1.05 2.61 1.59
29.44 21.32 0.92 2.88 0.84
8.98 26.28 2.99 1.40 1.48
14.86 2.66 2.83 1.01 1.95
13.83 2.25 1.33 1.57 0.14
15.55 27.25 2.59 2.11 1.50
3.36 20.69 2.04 0.43 2.81
7.86 17.31 1.67 1.76 0.72
3.92 24.57 2.74 2.08 2.57
10.43 15.13 1.22 0.90 2.73
5.18 25.37 2.96 1.18 1.48
0.54 1.42 1.07 2.72 0.75
21.05 14.32 1.25 1.01 0.50
25.62 0.53 2.95 2.49 1.21
12.78 18.63 0.21 2.27 2.96
21.99 22.94 2.23 1.71 2.76
13.47 3.58 1.70 0.67 2.05
7.90 22.02 1.58 2.17 2.62
27.13 1.59 0.71 2.19 2.38
4.01 14.64 0.94 1.84 1.56
19.92 4.63 0.45 0.90 2.47
3.95 4.54 1.14 1.03 2.81
12.80 11.07 1.08 1.58 2.61
11.16 2.60 1.04 1.23 0.38
27.60 25.63 1.64 2.63 1.61
2.19 26.13 1.53 2.54 2.52
14.53 16.71 2.02 1.55 0.17
18.54 7.70 2.04 1.95 1.57
21.92 26.68 1.37 2.25 2.28
12.31 0.15 0.34 1.16 0.66
0.79 20.38 2.55 2.73 2.58
8.55 7.90 1.01 0.78 0.19
20.28 1.17 1.93 0.16 1.09
7.44 13.00 1.93 0.47 2.23
12.45 29.56 2.10 0.30 1.32
2.38 6.06 2.18 1.19 2.22
0.14 23.05 2.34 0.45 0.70
20.97 8.61 0.22 1.83 2.31
24.56 26.49 2.08 1.95 0.94
4.31 26.02 1.46 2.64 1.33
3.96 6.79 0.32 2.75 2.02
20.72 23.13 2.37 0.83 0.22
19.11 20.71 0.59 1.47 1.17
3.62 23.86 0.02 0.71 2.56
19.33 19.06 0.95 1.19 2.58
13.15 8.56 0.98 2.57 0.99
19.52 26.71 0.57 1.84 2.25
23.64 2.69 2.04 0.58 2.04
0.11 14.76 0.62 2.55 0.91
11.91 26.55 1.93 1.28 1.38
0.49 19.68 2.70 1.48 0.51
22.44 11.66 1.64 0.61 2.62
23.77 23.27 2.04 2.59 0.15
26.88 9.12 0.24 2.32 0.18
11.43 28.39 1.42 0.82 2.45
14.31 6.33 1.94 0.25 1.79
28.43 6.20 0.49 1.40 1.11
18.92 18.64 0.56 2.08 1.95
12.78 2.31 1.87 2.71 1.05
20.36 13.19 1.07 1.67 2.09
15.15 21.74 2.71 0.94 1.92
10.02 5.20 2.80 2.95 1.96
16.25 0.35 0.58 1.97 0.62
1.57 22.42 1.01 0.82 1.39
2.28 12.49 1.42 2.30 0.20
16.49 10.97 2.65 1.61 0.84
7.69 28.81 0.86 0.09 2.63
6.69 26.38 1.11 0.34 0.23
21.35 23.35 0.31 1.79 1.41
26.76 26.27 1.04 0.59 0.33
22.18 9.71 1.99 1.30 2.73
6.16 22.75 0.27 1.64 0.03
5.33 18.50 2.63 2.09 0.71
9.15 7.03 2.25 0.35 0.75
18.51 26.04 1.22 0.37 1.93
14.54 21.37 1.21 2.86 2.22
27.44 10.85 1.86 0.56 0.57
1.53 8.73 0.74 0.61 2.73
16.53 5.09 0.99 2.40 0.60
3.26 25.17 1.50 1.59 0.69
5.80 11.04 0.25 1.03 1.70
10.36 3.40 0.48 1.93 0.44
5.06 24.18 0.78 0.83 0.53
16.91 15.62 2.87 0.81 0.34
20.00 13.89 2.42 1.68 0.31
0.50 9.71 2.52 2.12 1.60
9.64 3.79 2.68 1.87 1.43
8.27 29.40 2.00 1.96 1.33
0.01 1.38 0.04 1.12 0.52
7.45 20.37 1.29 0.47 1.12
0.66 6.57 0.43 2.58 1.30
0.26 21.87 2.16 2.34 1.60
29.93 24.12 0.38 0.61 2.57
1.79 2.05 1.53 2.48 1.92
2.98 17.87 0.34 2.60 2.41
14.24 17.02 1.86 1.03 0.52
6.93 8.74 2.14 2.79 0.84
0.91 14.98 1.89 0.13 2.11
26.61 2.95 1.93 0.71 2.21
27.15 2.16 1.36 1.98 2.67
1.85 20.30 0.58 2.95 2.71
9.81 5.62 1.12 0.39 2.53
25.16 4.24 2.51 0.69 1.15
11.86 16.66 1.07 2.90 2.71
6.70 8.22 1.43 0.91 2.69
25.19 12.61 0.89 0.08 2.84
15.56 22.73 1.97 2.85 1.15
4.01 18.78 2.72 0.09 1.17
16.91 7.07 1.76 1.02 1.84
11.09 7.68 2.12 2.80 1.66
23.92 15.27 1.78 2.02 2.23
12.47 29.81 1.73 0.04 2.90
19.26 16.02 1.38 0.68 1.83
4.00 20.88 0.76 0.19 0.44
14.44 20.71 1.64 0.75 1.47
8.01 12.45 0.88 0.90 1.65
13.86 13.38 0.90 2.50 1.44
1.78 17.35 1.44 2.67 1.01
8.27 28.36 1.05 0.21 1.36
13.41 11.05 0.77 2.66 1.93
0.12 2.76 1.16 1.08 2.12
28.80 10.25 2.73 0.44 1.11
9.11 27.05 2.71 1.45 1.10
22.20 26.52 2.57 0.07 1.30
24.89 16.29 0.14 1.73 1.90
19.12 24.90 0.65 1.17 0.86
5.21 8.42 1.01 1.46 0.98
26.89 3.25 0.77 1.56 1.01
0.37 13.76 2.67 1.24 0.35
21.61 29.15 2.54 2.40 1.19
28.99 28.77 1.51 2.97 2.77
5.44 3.48 0.27 1.39 1.20
16.41 1.98 1.59 2.25 2.18
18.81 23.49 2.15 1.11 0.00
7.64 16.07 2.00 2.03 0.68
15.39 16.05 0.42 2.45 2.40
5.87 19.81 2.33 2.37 0.94
6.91 28.60 2.88 2.29 0.20
10.05 12.01 2.26 0.39 0.11
7.83 3.73 2.12 1.82 1.26
23.28 19.92 0.30 2.93 2.28
24.01 1.53 2.56 2.00 0.83
21.91 11.03 1.42 1.99 2.80
18.50 21.56 0.49 2.26 2.12
12.42 10.81 2.73 2.70 2.01
8.37 11.02 2.23 1.92 2.25
22.85 21.96 1.49 2.96 0.98
13.22 12.18 0.55 1.07 2.99
24.91 24.04 0.59 1.58 0.51
21.70 20.20 2.25 1.17 1.92
24.62 8.60 1.66 1.47 2.30
25.02 13.24 2.30 0.86 1.84
16.97 11.97 1.91 2.36 2.65
16.57 24.29 0.74 0.98 0.45
27.07 3.97 2.55 2.67 2.33
4.07 4.89 2.65 1.22 1.42
25.36 20.85 0.23 0.36 2.94
20.20 23.47 0.16 1.42 1.32
26.28 27.81 0.14 2.93 0.65
15.28 6.44 1.32 2.57 0.67
15.29 3.05 1.84 2.24 2.16
1.11 14.72 1.81 2.97 0.45
23.59 21.46 2.98 1.36 0.73
11.75 16.61 2.78 1.10 1.40
15.93 29.10 0.68 0.10 2.77
9.57 22.24 1.87 2.38 0.66
0.05 9.32 2.73 0.12 0.72
3.60 0.05 0.83 2.91 0.81
1.37 27.96 0.13 2.62 1.33
23.40 0.67 0.46 2.90 2.53
16.42 1.95 1.50 1.78 2.07
25.66 3.45 1.67 0.14 2.14
14.21 0.62 0.86 2.87 0.73
13.01 12.67 1.72 1.61 2.70
13.02 2.08 2.01 0.49 1.37
6.40 8.39 2.88 1.69 1.19
22.07 8.39 2.80 1.29 1.47
13.33 2.71 0.20 1.11 1.63
7.53 11.88 0.49 0.06 2.54
11.31 22.10 0.16 0.53 0.04
8.50 11.72 0.66 0.90 0.03
5.52 17.58 1.02 0.79 2.71
17.07 26.73 0.27 2.31 2.08
13.50 10.46 1.92 0.51 1.60
8.26 8.10 0.69 1.86 0.90
5.42 21.72 0.88 1.73 0.89
5.07 7.64 1.99 1.88 1.64
27.62 20.07 1.72 0.89 0.35
13.37 2.77 0.11 1.88 2.47
16.13 6.74 2.66 2.39 0.61
15.28 10.69 1.00 1.94 1.53
2.20 28.50 1.30 1.26 0.48
2.94 9.33 1.83 2.58 2.98
26.07 15.54 2.74 2.94 1.26
19.31 28.67 2.40 0.53 2.67
26.21 11.64 2.21 2.14 0.99
14.86 7.84 0.44 1.42 1.62
24.13 27.44 1.25 1.37 2.05
8.01 23.25 2.24 1.21 1.36
23.80 12.30 1.11 1.73 1.36
4.73 5.42 2.01 2.59 1.94
8.07 8.44 2.05 0.54 0.80
28.96 9.21 2.67 2.81 1.31
23.80 27.66 1.94 2.37 0.30
17.89 24.69 2.55 0.75 3.00
14.09 19.24 1.90 1.02 1.61
25.30 21.55 2.91 2.15 1.02
11.78 24.11 2.76 0.21 2.22
17.27 7.43 2.42 1.39 2.88
21.86 23.30 1.28 2.28 0.75
14.65 7.63 2.66 0.43 0.31
9.54 18.06 1.42 1.76 2.82
12.99 9.23 2.12 0.58 1.97
28.58 10.88 2.62 0.71 0.15
17.46 8.33 2.45 2.29 1.37
10.06 20.60 2.02 0.24 1.40
6.64 4.22 1.86 2.69 2.72
11.99 4.53 1.20 2.93 1.03
23.80 27.33 2.33 0.86 2.24
3.68 23.93 0.34 1.35 1.78
12.59 20.45 0.94 0.16 0.97
8.50 16.76 0.85 2.94 0.27
27.88 3.34 2.91 2.15 1.27
15.45 22.21 1.17 0.53 1.44
22.65 27.21 0.85 1.69 1.84
23.27 6.82 0.42 0.82 1.84
0.53 0.36 1.95 3.00 2.56
2.02 7.38 0.05 1.18 1.39
23.24 24.83 0.19 0.39 0.34
15.23 4.19 1.99 0.05 0.02
3.04 24.21 0.72 0.31 0.51
3.58 21.32 1.99 1.54 0.55
3.05 7.31 0.60 0.56 2.72
27.17 21.68 0.70 0.34 1.51
5.10 6.16 0.98 0.40 1.38
15.11 29.66 2.44 1.12 1.85
1.14 25.22 2.57 2.85 0.22
7.74 25.55 1.72 1.35 0.42
8.32 6.47 0.85 1.08 1.40
27.00 27.82 0.39 1.72 2.77
22.39 18.12 2.97 0.97 1.43
29.02 27.43 0.06 2.88 0.84
15.34 0.65 1.79 0.05 2.82
7.52 16.25 1.84 1.87 2.72
25.05 13.20 0.86 0.02 1.96
11.14 11.18 2.29 0.70 2.95
18.59 6.57 1.71 0.41 1.42
29.91 5.24 0.64 0.45 0.72
16.70 27.72 0.83 0.50 1.54
17.95 16.25 1.79 2.57 2.08
15.32 19.00 2.41 1.06 1.81
10.08 20.18 2.19 1.42 0.65
22.91 20.50 2.24 0.86 2.69
3.63 5.53 2.52 0.00 1.50
11.29 18.45 0.99 2.81 2.62
2.99 9.78 2.84 0.73 1.16
29.43 28.75 1.06 2.83 2.95
3.72 14.79 0.29 0.30 1.12
6.41 26.28 0.99 1.07 1.70
14.09 3.88 0.12 0.65 1.04
28.31 5.17 2.97 1.80 0.24
21.39 10.68 0.75 1.17 0.27
15.74 29.07 2.39 1.58 2.64
8.44 22.24 2.52 1.32 2.26
18.56 1.48 1.16 1.00 1.56
19.73 20.98 2.64 1.65 2.82
26.35 6.28 2.53 2.51 1.70
12.32 16.32 1.67 0.50 0.22
1.29 16.30 0.37 1.00 1.96
15.06 7.66 2.22 0.73 2.00
21.79 27.10 2.12 2.78 1.40
6.49 11.57 0.43 2.83 2.32
15.31 9.76 2.34 1.93 2.74
1.32 6.88 1.98 0.35 1.26
19.28 15.64 0.36 1.86 1.68
6.35 2.72 1.72 2.87 0.36
23.79 3.19 2.83 0.12 0.65
20.35 16.12 1.97 2.92 1.09
9.55 17.11 2.68 2.31 1.15
5.25 22.64 1.66 0.53 2.41
13.68 27.30 0.06 0.05 1.39
29.62 26.82 0.80 1.82 0.24
15.00 11.86 0.69 1.84 2.98
11.89 3.70 0.57 1.03 0.40
21.67 5.63 2.10 2.85 0.52
3.18 26.30 2.78 1.94 2.03
5.21 13.01 2.11 1.36 2.11
27.57 15.96 2.71 0.78 2.23
12.82 9.73 2.96 2.62 0.48
20.05 0.78 1.93 0.95 0.88
20.83 22.05 2.31 2.25 2.80
26.38 5.24 1.60 2.60 1.44
29.87 15.14 2.15 2.18 2.11
11.55 12.69 2.81 1.11 0.53
29.63 15.15 2.77 0.95 0.95
4.01 29.55 1.58 0.13 2.99
22.33 3.33 0.20 2.85 0.81
24.96 14.07 1.23 0.82 2.44
0.17 11.76 2.72 2.19 1.13
25.88 8.50 1.91 1.33 1.43
24.40 16.34 2.42 2.89 1.84
12.18 19.59 2.68 2.36 1.70
7.84 4.19 1.20 2.80 1.12
24.34 0.72 2.18 2.12 1.65
3.03 17.34 0.38 2.71 0.67
10.96 8.47 2.83 2.51 1.34
17.40 12.17 2.08 2.95 2.78
5.18 11.30 2.70 2.91 0.41
25.64 29.79 0.85 2.45 1.77
23.40 24.45 2.10 2.45 2.59
10.00 1.80 2.26 0.59 2.59
22.71 1.51 1.37 1.23 1.69
28.72 5.34 1.24 0.10 0.16
23.45 22.33 1.16 0.36 2.91
10.76 11.73 1.52 1.98 2.37
9.79 15.56 0.44 1.37 2.03
19.65 15.11 1.83 0.22 2.65
5.67 5.79 0.50 0.85 2.38
23.55 3.85 2.34 1.97 2.62
20.82 20.59 2.42 0.95 0.15
14.05 11.58 0.99 2.96 1.54
11.09 1.32 2.00 0.91 0.36
20.30 17.84 1.20 0.04 0.43
11.43 8.88 0.22 0.02 2.97
23.85 17.96 0.94 2.62 0.50
0.71 11.53 2.40 2.21 1.97
24.36 2.17 2.66 0.43 1.38
0.11 4.97 1.59 1.98 2.92
11.22 7.46 2.09 1.10 0.31
18.17 26.85 0.26 0.83 1.73
7.65 4.68 2.94 2.24 2.77
21.69 13.87 2.30 2.48 1.27
15.35 18.13 0.43 0.59 1.57
12.66 20.71 2.51 2.65 1.70
6.23 19.55 0.37 0.13 1.62
1.38 9.27 2.12 2.25 0.33
29.39 1.10 2.56 0.77 2.00
4.91 23.83 2.20 1.31 2.80
28.97 9.52 0.21 0.33 0.03
17.82 9.43 0.35 1.20 0.26
15.60 22.95 1.30 2.32 1.73
18.60 5.35 0.86 1.82 1.93
20.69 6.64 0.81 2.50 1.72
9.63 21.23 2.45 2.43 1.74
3.18 5.44 0.10 0.47 0.83
9.41 25.26 1.30 2.59 1.04
23.33 23.10 0.41 0.88 1.67
15.84 5.69 2.32 2.76 2.31
21.90 9.69 1.36 2.89 0.67
26.59 5.83 2.54 0.15 1.91
11.52 7.26 2.80 2.33 2.43
13.06 26.15 1.33 2.97 1.73
19.82 24.23 2.50 1.65 0.30
16.17 17.12 0.97 2.18 1.79
3.12 16.85 0.78 2.48 1.48
9.92 10.37 1.39 1.43 2.66
10.16 26.78 1.98 1.70 0.52
21.48 17.51 2.04 1.59 1.56
17.82 29.86 2.44 2.14 2.33
7.77 20.62 0.10 1.01 1.22
25.39 13.98 2.29 1.66 3.00
22.65 24.05 1.19 0.56 2.61
7.25 22.75 2.12 2.84 2.96
28.01 1.54 2.87 1.02 0.37
24.10 7.35 0.12 0.07 1.72
5.65 7.73 2.36 2.97 0.43
20.15 2.78 0.66 2.19 2.39
10.88 24.31 1.80 0.79 0.97
5.44 2.88 0.38 0.83 2.69
14.08 17.70 2.54 2.15 1.76
25.66 8.09 2.78 0.25 2.69
13.04 5.18 2.17 0.53 2.75
5.08 18.83 0.20 1.65 1.26
28.55 17.92 1.06 2.35 0.50
14.15 13.39 0.18 0.01 2.27
18.73 10.95 2.30 1.29 0.98
12.14 26.09 1.48 2.37 0.87
16.89 0.21 0.17 2.62 0.09
6.21 12.22 1.73 0.91 2.66
6.44 8.08 1.73 0.66 1.09
18.45 8.78 2.38 1.23 2.26
8.53 24.22 0.97 1.86 2.48
9.77 23.94 0.17 2.87 2.58
14.03 14.46 0.34 1.92 1.60
21.91 27.51 0.05 0.45 0.73
19.06 5.64 1.70 2.48 1.37
19.68 18.24 2.96 2.74 1.25
0.93 5.20 1.13 1.94 2.97
20.43 5.71 1.92 1.33 2.81
4.31 28.63 1.05 0.77 0.08
23.25 10.07 0.08 1.82 0.15
19.76 11.45 1.27 0.46 0.69
19.66 5.86 0.21 0.98 0.59
0.33 26.38 1.21 1.14 1.54
21.43 8.62 2.75 0.56 2.64
9.31 9.88 1.92 2.82 2.26
14.22 4.93 2.31 1.62 0.74
27.24 18.74 1.00 1.45 1.00
1.14 24.09 2.16 2.38 1.90
1.00 26.55 1.40 0.43 2.68
11.78 5.18 0.32 2.40 2.35
3.95 11.03 1.24 1.96 0.75
23.25 28.60 2.01 2.31 2.54
4.97 15.26 1.24 2.47 0.66
18.64 15.78 1.45 0.94 1.36
4.16 25.22 1.86 2.38 2.54
23.54 21.54 0.79 2.05 2.07
15.77 16.31 2.98 0.30 1.70
11.96 8.38 0.17 1.35 1.39
0.55 17.62 1.49 2.75 2.87
21.60 14.60 2.16 1.37 2.38
21.47 19.41 1.96 1.01 2.07
14.75 16.13 1.07 0.46 0.92
9.01 21.14 1.42 2.76 1.94
24.20 28.98 1.34 1.73 2.65
6.74 15.02 2.11 2.42 2.11
18.55 5.50 2.36 1.42 0.20
29.40 19.49 1.15 1.46 1.89
11.77 10.94 0.92 1.80 2.14
23.34 25.50 0.94 1.53 1.30
12.00 14.73 1.21 1.34 1.79
1.13 11.25 0.37 1.23 0.13
26.44 26.12 2.47 2.84 0.56
16.95 19.32 0.23 0.77 0.04
4.28 1.21 1.25 0.15 2.28
5.37 18.36 1.29 2.24 2.36
19.44 10.92 1.39 0.48 1.72
18.00 21.86 2.94 2.25 2.09
23.99 25.61 0.40 1.86 2.82
1.06 15.82 2.67 1.23 2.21
0.61 12.08 0.71 0.68 2.50
17.07 1.04 0.22 2.75 2.21
5.95 11.01 2.49 0.21 2.51
9.08 13.69 1.22 1.36 0.20
26.35 13.54 1.57 2.90 2.27
15.16 14.89 2.24 0.14 1.07
10.78 20.54 1.07 0.21 1.13
18.59 18.02 0.38 2.13 0.38
7.10 20.20 1.69 1.92 0.88
29.95 14.50 1.14 1.08 1.00
2.88 16.03 0.57 2.27 0.58
27.36 18.62 1.29 2.72 0.49
7.69 13.63 1.99 2.04 1.24
25.43 26.07 2.97 2.01 0.51
15.87 4.87 0.51 1.01 2.80
1.77 9.73 2.46 0.51 0.85
12.87 12.98 2.58 0.56 2.23
5.86 11.96 1.12 1.74 1.20
21.07 5.27 1.86 1.93 1.54
10.06 17.25 0.65 2.94 1.45
11.87 22.45 1.42 0.33 0.11
7.15 14.43 0.35 2.93 2.21
10.90 25.62 2.22 0.12 0.81
5.10 19.28 2.84 2.06 0.53
25.52 29.26 0.14 2.95 0.99
23.32 15.43 2.45 1.68 2.76
27.72 15.86 1.76 0.01 1.37
12.21 27.81 2.58 0.21 1.18
22.52 26.74 2.13 1.24 0.75
0.84 25.36 1.19 1.12 0.06
10.91 5.27 0.99 1.44 1.58
9.15 22.41 1.40 2.17 1.05
19.20 9.20 0.68 1.78 2.43
5.08 29.27 0.83 1.54 2.37
12.38 11.71 2.78 0.04 2.56
17.05 28.71 1.52 1.77 0.58
3.43 0.97 1.34 0.23 2.50
9.21 4.14 1.93 0.20 0.39
1.33 5.66 1.79 0.46 2.92
5.57 26.00 2.82 2.43 2.51
23.04 28.48 0.48 0.54 1.05
15.93 7.72 0.62 0.59 1.19
17.60 28.67 0.60 0.94 2.57
13.38 26.07 2.51 2.67 0.11
28.85 10.75 0.01 0.11 0.29
13.71 1.68 2.78 0.48 2.26
12.86 12.81 2.35 0.93 1.04
26.56 19.81 1.98 2.62 0.37
28.97 19.79 1.09 1.11 1.91
27.00 28.39 2.87 0.21 0.49
14.87 0.92 2.15 2.39 2.50
0.56 10.89 1.64 0.86 0.57
5.69 5.04 2.57 1.14 1.15
15.01 13.66 1.13 1.83 2.24
12.08 17.97 2.49 0.22 1.25
12.54 27.24 1.41 2.06 0.58
12.73 0.79 0.78 2.26 1.73
29.65 5.60 1.75 2.07 1.19
3.27 18.84 0.23 1.50 0.72
16.26 12.38 1.75 0.55 2.50
20.26 7.05 2.64 0.35 0.76
25.75 6.61 0.92 1.05 2.11
26.35 2.80 1.58 2.62 0.15
20.12 15.71 0.28 0.01 0.02
3.05 3.50 1.79 1.20 0.04
12.49 15.29 0.54 1.78 1.67
11.62 23.84 0.41 0.33 0.23
23.77 24.50 2.87 0.30 0.70
12.03 13.68 1.08 1.73 1.60
19.98 5.99 0.86 2.56 0.46
27.56 16.60 1.06 1.13 2.18
29.08 22.22 2.69 2.35 0.75
22.88 7.04 2.18 2.46 0.75
14.18 28.06 1.02 0.17 0.54
10.02 23.74 2.68 1.48 0.41
5.57 25.21 0.61 0.57 2.07
26.11 5.85 0.04 2.30 2.09
10.62 29.45 2.92 2.73 0.43
1.01 0.01 2.44 2.77 2.05
17.30 26.90 0.06 1.04 1.09
13.42 2.64 1.19 0.86 2.12
18.94 10.01 0.28 2.10 2.61
1.62 27.95 2.93 0.13 0.14
1.13 18.27 2.68 2.13 2.99
20.52 6.33 6.18 5.25 3.78
17.91 12.87 4.39 5.32 4.92
21.24 11.62 6.00 5.94 5.44
18.76 9.67 4.84 5.03 4.75
18.85 9.17 5.13 5.12 4.75
18.26 11.41 4.84 5.22 5.74
22.44 9.71 6.49 4.83 5.56
19.27 7.67 5.35 5.80 4.40
22.51 7.57 3.60 5.86 5.90
19.19 11.78 5.16 5.25 4.16
19.54 9.46 5.22 4.82 5.37
17.97 9.85 4.88 4.87 5.42
20.81 10.33 4.81 5.05 4.58
19.11 8.19 6.35 4.91 5.37
19.34 8.98 4.99 5.44 5.26
20.35 8.26 4.64 4.45 4.18
19.78 5.98 4.70 5.18 4.95
22.09 10.18 5.47 4.89 4.79
20.26 11.04 4.72 5.71 4.88
17.97 10.98 4.86 5.16 4.74
16.56 11.69 5.78 4.49 5.52
17.81 9.28 4.84 5.44 4.67
23.44 9.73 5.71 5.04 4.49
20.10 10.82 5.98 5.17 5.12
20.94 10.01 4.64 4.76 4.96
20.12 9.17 5.54 5.68 5.27
17.78 11.12 3.95 4.76 4.38
18.80 9.85 5.29 5.06 5.65
16.91 6.82 4.43 5.60 5.29
17.76 10.71 4.91 3.93 5.32
21.36 8.52 4.46 3.81 4.70
23.21 12.21 4.07 4.74 5.51
20.75 11.94 4.81 5.11 5.47
18.87 11.76 4.51 5.28 5.14
19.22 9.49 5.20 4.47 4.59
21.50 8.74 4.44 5.22 4.84
22.92 12.20 4.82 4.55 5.58
20.63 8.71 4.97 5.09 3.76
21.66 10.42 4.87 4.63 5.09
20.96 6.40 5.54 4.85 4.48
20.92 13.60 5.16 4.80 5.14
19.66 9.97 4.64 5.12 5.98
18.40 9.83 4.70 5.92 4.77
19.01 12.54 3.77 5.04 4.81
20.39 11.50 5.56 4.03 5.37
21.17 11.77 4.89 4.88 4.82
20.34 9.75 5.04 4.49 6.04
20.43 11.49 4.06 4.29 4.33
18.14 8.87 4.40 5.20 5.08
20.90 10.71 5.71 5.57 4.75
21.51 10.86 5.56 5.15 4.20
22.52 9.05 4.91 4.63 5.33
21.20 10.19 4.37 5.55 5.07
20.23 8.83 4.88 5.51 4.80
20.75 9.84 4.45 5.43 5.03
16.60 10.36 4.63 4.66 5.46
18.80 10.50 4.21 5.01 5.46
18.18 9.80 4.24 5.26 4.71
22.33 9.85 4.33 5.14 4.77
21.53 10.66 4.91 4.51 5.62
21.77 9.30 4.05 5.62 5.46
18.62 9.91 5.25 5.04 5.11
19.69 8.14 4.71 5.90 5.53
22.14 11.20 4.41 5.56 5.55
22.20 8.09 6.18 4.29 6.02
19.48 11.09 4.92 5.31 5.00
20.05 9.23 4.84 5.35 4.07
17.70 11.06 5.12 5.86 5.28
20.28 9.27 6.19 5.35 5.11
18.80 11.64 5.53 4.65 4.98
20.16 9.70 4.22 5.41 3.99
19.06 11.70 4.93 5.29 5.15
19.61 13.10 3.74 5.02 4.48
18.43 10.48 5.32 4.85 5.42
20.66 12.79 4.87 5.79 4.87
21.15 8.99 5.45 5.10 5.15
21.49 11.44 4.79 4.86 4.41
17.25 10.09 4.94 5.67 5.39
21.60 11.22 4.43 4.97 5.55
17.79 9.59 4.55 5.40 5.52
21.37 12.54 5.35 4.49 4.37
21.33 12.19 4.30 5.54 5.30
19.54 8.85 4.97 4.79 5.24
19.15 12.40 5.25 4.66 4.86
19.42 9.91 5.44 4.74 5.32
19.59 10.98 4.93 3.77 4.12
18.28 10.18 4.92 4.76 4.82
22.81 9.68 4.44 4.86 4.81
22.75 11.02 4.99 3.40 4.99
19.27 9.98 5.21 6.52 5.02
19.51 14.55 4.26 5.37 5.59
19.58 10.30 3.77 3.62 5.09
19.04 9.26 6.17 4.73 4.58
18.30 11.54 5.41 4.88 5.42
20.15 10.53 5.97 5.10 5.43
21.68 8.37 4.28 5.88 5.51
22.69 10.32 4.96 4.52 6.01
21.20 10.68 5.02 4.92 4.97
21.15 13.40 4.57 5.68 5.40
19.30 10.49 4.18 5.12 4.78
18.66 8.14 6.29 4.35 4.21
19.48 11.94 4.86 5.07 5.68
18.37 9.65 4.94 4.54 5.17
20.13 10.39 5.44 5.22 5.20
20.35 12.21 5.86 4.30 4.45
19.71 11.52 5.24 5.98 4.99
19.87 11.37 5.78 4.91 4.48
19.10 9.75 4.26 5.24 4.91
18.29 13.93 5.25 4.15 4.77
18.35 9.18 5.42 5.04 4.68
19.53 10.74 4.63 5.19 5.91
20.78 9.25 4.26 5.78 4.37
21.90 10.07 5.56 4.96 5.19
19.65 12.73 4.23 4.93 5.30
19.23 11.08 5.11 5.58 4.24
20.04 11.29 3.83 3.84 4.23
19.57 11.20 4.89 5.35 3.72
21.68 11.07 4.82 4.13 4.87
19.72 11.21 5.25 4.25 4.93
25.09 9.34 4.88 4.67 5.31
17.84 10.38 4.97 5.62 4.35
18.41 9.29 4.60 6.13 5.17
19.28 11.27 5.47 4.49 5.07
20.50 9.77 5.16 4.24 4.79
20.21 7.23 4.79 4.77 5.26
20.04 10.25 5.25 4.70 5.47
16.76 11.53 4.57 4.05 5.53
19.76 9.85 4.74 5.19 5.21
22.47 9.84 5.12 4.68 4.48
20.36 7.68 4.33 4.64 4.64
18.79 13.52 4.86 5.66 5.27
21.76 8.96 5.16 4.92 5.48
19.67 5.78 4.66 5.31 5.83
18.99 10.81 4.64 4.74 4.71
19.30 11.43 5.26 5.20 5.80
19.46 8.82 4.80 5.19 5.29
20.46 8.83 4.54 4.87 5.01
20.78 11.13 4.47 5.19 4.41
23.58 10.15 5.69 4.67 4.83
16.16 10.77 6.16 4.84 4.87
19.82 8.73 4.99 5.05 5.46
20.65 9.87 4.27 4.86 4.46
20.12 13.04 4.51 4.75 4.97
18.25 8.67 4.94 5.33 6.01
19.81 8.71 5.30 4.64 4.89
19.72 12.99 5.51 5.09 4.64
19.91 7.80 4.90 5.35 5.19
19.19 8.49 5.08 4.52 4.73
18.44 10.13 4.34 5.39 4.68
21.51 8.08 4.58 4.86 4.56
20.43 8.85 5.85 5.20 5.64
20.25 9.54 6.03 5.35 5.04
22.08 10.57 4.91 4.86 4.19
19.12 11.38 4.98 5.02 5.46
19.80 9.90 4.51 5.25 5.36
22.58 12.72 4.73 4.47 5.34
22.34 8.64 5.59 5.05 4.91
22.17 11.60 5.02 5.55 6.34
18.63 10.54 5.03 5.13 5.28
18.97 9.08 5.01 5.59 5.34
21.66 12.16 5.26 4.90 4.71
22.83 9.71 5.43 4.94 4.82
22.50 10.60 4.20 5.64 4.74
21.15 11.63 5.71 4.97 4.08
20.69 10.72 5.22 4.48 4.66
20.10 11.11 5.19 5.89 5.25
21.04 10.33 5.30 5.79 5.49
20.26 11.84 5.65 5.69 4.59
23.47 9.31 4.47 4.82 6.09
18.70 9.33 4.44 4.32 5.45
18.70 8.60 4.78 5.74 5.47
20.04 9.83 4.98 5.95 5.15
22.25 9.23 4.37 4.81 4.27
19.30 11.42 5.35 4.76 5.14
20.05 12.21 4.91 5.61 4.11
18.47 11.69 4.93 5.36 3.80
22.41 9.04 4.73 5.64 5.11
19.40 12.63 5.16 4.57 5.16
18.57 8.75 4.79 5.42 5.36
20.85 8.15 4.69 4.52 4.79
22.70 6.54 5.77 5.99 4.89
21.29 9.26 5.16 4.65 4.08
19.85 11.92 5.14 5.17 5.01
19.93 11.32 4.15 4.59 5.37
18.74 9.60 4.64 5.67 5.10
21.15 12.01 4.62 5.77 4.75
23.44 11.42 4.61 4.91 6.02
20.83 6.47 4.58 5.38 4.89
16.98 12.10 4.93 4.98 5.38
20.84 7.85 5.59 5.01 4.64
16.69 11.52 4.79 4.81 5.17
21.58 8.21 5.05 5.27 5.01
18.30 11.37 4.95 4.48 5.42
20.13 11.75 4.24 4.56 5.11
21.47 12.81 4.64 4.29 4.08
19.47 10.28 5.64 4.97 4.45
19.91 10.95 4.29 5.57 4.82
18.49 8.19 4.85 5.87 4.05
23.63 10.18 5.63 5.07 5.05
20.65 11.73 4.87 5.75 5.32
19.91 7.95 5.02 4.66 4.20
21.51 11.99 4.67 4.91 4.76
23.19 10.74 5.56 4.88 5.05
21.21 9.85 5.91 5.67 4.60
18.80 11.47 5.03 5.58 4.92
20.11 12.76 4.16 4.78 5.09
20.34 10.60 5.48 4.54 5.55
19.76 9.78 5.52 4.55 5.55
19.78 9.89 5.70 4.90 5.58
20.77 11.93 5.34 5.67 5.63
20.16 11.63 4.45 5.34 5.25
21.01 10.52 5.98 5.37 4.99
20.09 8.73 5.91 5.29 4.36
17.45 9.58 5.40 5.53 4.85
20.90 9.53 4.82 5.65 6.10
19.69 13.34 5.01 5.02 3.74
19.91 6.61 5.23 4.68 5.22
19.98 12.66 3.92 5.19 5.10
21.52 10.25 4.65 4.01 5.38
19.44 10.62 5.10 5.34 5.68
21.53 6.54 5.54 5.24 4.93
20.36 10.08 4.26 5.03 5.40
22.26 9.96 4.51 4.11 4.30
20.47 12.07 4.94 5.67 4.81
21.45 10.32 5.02 4.67 4.74
22.08 8.82 4.62 4.73 5.05
19.94 9.82 5.35 5.27 5.02
21.36 10.69 4.09 5.21 4.70
20.12 12.06 5.31 4.75 6.11
22.55 9.21 5.40 4.95 4.82
19.94 10.64 5.20 4.94 5.49
23.09 11.65 5.99 4.11 5.24
17.86 8.08 4.11 4.90 4.86
18.98 10.59 4.78 5.30 4.29
21.98 10.04 4.40 5.94 4.98
19.03 8.81 5.27 4.88 5.03
19.68 10.80 4.58 4.80 4.77
20.85 10.35 5.05 4.64 3.79
21.19 10.94 5.00 4.35 5.87
18.36 6.78 5.19 4.27 4.26
20.30 9.35 4.98 5.75 5.12
21.22 9.17 5.35 4.08 5.31
19.20 11.19 5.12 4.47 5.43
20.08 9.18 5.19 5.11 4.73
18.99 10.86 5.57 5.34 4.82
22.42 8.44 5.78 5.79 5.17
20.39 9.31 4.93 4.82 5.08
22.75 9.13 4.14 4.67 4.84
20.50 8.37 3.86 4.93 5.45
20.91 8.55 5.00 5.44 4.97
17.54 10.27 5.41 4.82 5.43
19.98 9.86 4.56 4.84 5.88
21.28 12.73 5.06 5.41 4.64
20.27 10.42 5.19 5.13 5.77
21.56 8.85 3.76 5.06 5.55
18.95 13.12 5.64 4.39 4.03
18.33 9.96 5.22 4.93 5.46
21.06 12.87 4.97 5.49 5.52
19.73 11.22 5.47 5.22 5.04
20.24 12.63 4.35 4.95 4.91
18.74 11.05 5.23 4.97 5.06
21.51 10.90 4.30 4.44 4.73
20.89 7.29 4.75 4.41 4.91
22.79 11.22 4.90 4.79 4.85
18.79 10.89 4.96 4.07 4.94
20.46 8.78 4.57 4.95 4.32
19.71 10.31 5.36 4.34 4.86
20.03 10.14 5.30 4.50 4.76
20.96 10.91 4.38 4.83 4.98
19.91 10.60 4.67 4.66 4.94
20.46 9.56 5.50 5.08 5.00
19.82 8.09 5.13 4.60 4.83
19.93 12.79 3.53 4.75 4.80
22.36 10.63 4.82 5.07 4.90
19.63 11.65 4.53 5.08 4.63
21.54 10.02 5.28 5.29 5.15
19.93 8.88 5.56 5.33 3.82
22.44 14.01 4.62 4.45 5.57
22.71 11.22 4.32 5.94 4.78
20.69 9.64 4.50 4.79 4.56
21.55 11.37 5.11 5.31 5.41
19.57 9.59 4.77 4.40 5.21
20.58 12.75 5.51 5.61 5.24
19.55 10.17 4.54 5.17 3.79
19.32 12.46 5.09 4.59 3.65
22.08 10.69 5.18 4.60 4.86
21.02 13.30 5.09 5.70 4.90
21.82 10.35 4.64 4.72 5.21
19.67 11.02 6.08 4.91 4.57
21.36 8.22 4.65 5.06 5.20
19.33 7.85 4.71 4.86 5.25
19.02 11.07 4.52 5.07 4.70
19.91 11.45 4.93 5.17 4.16
23.11 10.24 6.26 4.29 4.58
20.14 11.01 5.50 4.99 4.89
19.18 9.12 4.79 5.84 4.42
20.23 10.19 6.08 5.36 5.24
17.42 11.01 4.42 5.14 5.01
20.88 11.79 4.96 4.92 4.90
21.72 11.83 5.64 4.67 5.67
